758369424	ACC	-1.0247183	6.3111157	5.947197
758369434	ACC	0.5267244	5.6407394	10.534488
758369444	ACC	-0.20111294	5.9184666	8.207323
758369454	ACC	-0.24899697	5.9759274	8.2169
758369464	ACC	-0.31603462	5.9759274	8.207323
758369474	ACC	-0.31603462	5.9759274	8.111555
758369484	ACC	-0.34476504	6.0238113	8.0445175
758369494	ACC	-0.41180268	6.0238113	7.9870567
758369504	ACC	-0.45968673	6.0046577	7.9583263
758369514	ACC	-0.545878	6.0142345	7.9966335
758369524	ACC	-0.49799395	5.995081	8.025364
758369534	ACC	-0.45968673	5.985504	8.034941
758369544	ACC	-0.41180268	5.985504	7.9870567
758369554	ACC	-0.45968673	5.995081	7.967903
758369564	ACC	-0.49799395	6.0142345	7.9391727
758369574	ACC	-0.41180268	6.0142345	7.9487495
758369574	MAG	-37.1875	6.5625	-52.75
758369574	GYR	0.11362094	-0.13805555	-0.23090705
758369584	ACC	-0.31603462	6.0142345	7.967903
758369584	MAG	-36.8125	7.9375	-54.125
758369584	GYR	0.11362094	-0.13805555	-0.23090705
758369594	ACC	-0.31603462	5.947197	8.130709
758369594	MAG	-36.9375	8.125	-54.8125
758369594	GYR	0.11362094	-0.13805555	-0.23090705
758369604	ACC	-0.33518824	5.9663506	8.169016
758369604	MAG	-37.0	8.125	-54.8125
758369604	GYR	0.11362094	-0.13805555	-0.23090705
758369614	ACC	-0.34476504	5.9663506	8.111555
758369614	MAG	-37.1875	8.5	-54.6875
758369614	GYR	0.11362094	-0.13805555	-0.23090705
758369624	ACC	-0.35434186	5.995081	8.0445175
758369624	MAG	-37.4375	8.5	-54.9375
758369624	GYR	0.11362094	-0.13805555	-0.23090705
758369634	ACC	-0.37349546	6.0142345	7.9870567
758369634	MAG	-37.5625	8.0625	-54.8125
758369634	GYR	0.11362094	-0.13805555	-0.23090705
758369644	ACC	-0.36391866	6.0142345	7.929596
758369644	MAG	-38.0	7.9375	-54.5625
758369644	GYR	0.11362094	-0.13805555	-0.23090705
758369654	ACC	-0.34476504	5.9759274	7.920019
758369654	MAG	-38.5625	7.8125	-54.25
758369654	GYR	0.11362094	-0.13805555	-0.23090705
758369664	ACC	-0.36391866	5.93762	7.9583263
758369664	MAG	-38.5625	7.375	-54.25
758369664	GYR	0.11362094	-0.13805555	-0.23090705
758369674	ACC	-0.40222588	5.9759274	7.967903
758369674	MAG	-38.25	7.5	-54.375
758369674	GYR	0.11362094	-0.13805555	-0.23090705
758369684	ACC	-0.4213795	5.9759274	7.967903
758369684	MAG	-38.4375	7.625	-54.375
758369684	GYR	0.11362094	-0.13805555	-0.23090705
758369694	ACC	-0.41180268	5.9759274	7.9870567
758369694	MAG	-37.875	7.8125	-54.5625
758369694	GYR	0.11362094	-0.13805555	-0.23090705
758369704	ACC	-0.39264908	5.947197	7.9966335
758369704	MAG	-37.5625	7.625	-54.6875
758369704	GYR	0.11362094	-0.13805555	-0.23090705
758369714	ACC	-0.31603462	5.9184666	8.0445175
758369714	MAG	-37.5625	7.625	-54.6875
758369714	GYR	-0.02565634	-0.056199603	0.009773844
758369724	ACC	-0.37349546	5.9280434	8.054094
758369724	MAG	-37.875	7.625	-54.6875
758369724	GYR	-0.019547688	-0.05375614	0.009773844
758369734	ACC	-0.34476504	5.947197	8.025364
758369734	MAG	-38.0	7.5	-54.9375
758369734	GYR	0.0	-0.05864306	0.015882496
758369744	ACC	-0.31603462	5.9663506	7.97748
758369744	MAG	-38.25	7.5	-54.9375
758369744	GYR	0.0	-0.062308256	0.013439035
758369754	ACC	-0.2873042	5.985504	8.015787
758369754	MAG	-38.25	7.625	-55.0625
758369754	GYR	-0.008552114	-0.06719518	0.012217305
758369764	ACC	-0.22026655	5.985504	8.054094
758369764	MAG	-38.6875	7.8125	-54.8125
758369764	GYR	-0.009773844	-0.06963864	0.0073303827
758369774	ACC	-0.19153613	5.9567738	8.169016
758369774	MAG	-38.6875	7.9375	-54.6875
758369774	GYR	-0.0036651914	-0.073303826	-0.002443461
758369784	ACC	-0.20111294	5.93762	8.264784
758369784	MAG	-38.4375	7.9375	-54.5625
758369784	GYR	0.012217305	-0.07941248	-0.010995574
758369794	ACC	-0.2873042	5.9663506	8.207323
758369794	MAG	-38.6875	7.8125	-54.5625
758369794	GYR	0.032986723	-0.08552113	-0.013439035
758369804	ACC	-0.31603462	5.9663506	8.111555
758369804	MAG	-38.8125	7.625	-54.5625
758369804	GYR	0.04520403	-0.095294975	-0.012217305
758369814	ACC	-0.25857377	5.9759274	8.025364
758369814	MAG	-38.5625	7.5	-55.0625
758369814	GYR	0.05009095	-0.09773844	-0.009773844
758369824	ACC	-0.2873042	5.9759274	8.015787
758369824	MAG	-38.5625	7.375	-55.1875
758369824	GYR	0.05253441	-0.10506882	-0.009773844
758369834	ACC	-0.31603462	5.9759274	7.9487495
758369834	MAG	-39.25	7.5	-54.9375
758369834	GYR	0.056199603	-0.10384709	-0.008552114
758369844	ACC	-0.2681506	6.0046577	7.881712
758369844	MAG	-39.25	7.375	-54.8125
758369844	GYR	0.05742133	-0.09285152	-0.0073303827
758369854	ACC	-0.21068975	5.985504	7.9008656
758369854	MAG	-38.8125	7.625	-54.6875
758369854	GYR	0.05375614	-0.08552113	-0.0061086523
758369864	ACC	-0.1340753	6.0046577	8.025364
758369864	MAG	-39.125	7.5	-54.5625
758369864	GYR	0.047647487	-0.081855945	-0.009773844
758369874	ACC	-0.1340753	5.90889	8.24563
758369874	MAG	-39.25	7.5	-54.5625
758369874	GYR	0.04886922	-0.10262536	-0.02565634
758369884	ACC	-0.24899697	6.0238113	8.111555
758369884	MAG	-38.8125	7.25	-54.6875
758369884	GYR	0.062308256	-0.12583824	-0.042760566
758369894	ACC	-0.2873042	6.0716953	7.97748
758369894	MAG	-38.6875	7.625	-54.8125
758369894	GYR	0.07696902	-0.11728612	-0.04520403
758369904	ACC	-0.25857377	6.081272	7.9966335
758369904	MAG	-39.25	7.625	-55.0625
758369904	GYR	0.07696902	-0.112399206	-0.041538835
758369914	ACC	-0.2681506	6.1100025	7.967903
758369914	MAG	-38.9375	7.5	-55.0625
758369914	GYR	0.07086037	-0.10873401	-0.037873644
758369924	ACC	-0.24899697	6.0716953	7.920019
758369924	MAG	-39.25	7.375	-55.0625
758369924	GYR	0.06841691	-0.09040806	-0.032986723
758369934	ACC	-0.32561144	6.033388	7.97748
758369934	MAG	-39.25	7.5	-55.0625
758369934	GYR	0.062308256	-0.08307767	-0.028099801
758369944	ACC	-0.31603462	6.033388	7.9966335
758369944	MAG	-39.375	6.9375	-55.1875
758369944	GYR	0.05742133	-0.096516706	-0.019547688
758369954	ACC	-0.1340753	5.9759274	7.9583263
758369954	MAG	-39.125	6.6875	-55.375
758369954	GYR	0.05864306	-0.09773844	-0.010995574
758369964	ACC	-0.20111294	6.042965	7.785944
758369964	MAG	-39.5	6.8125	-55.375
758369964	GYR	0.061086524	-0.08552113	-0.012217305
758369974	ACC	-0.32561144	6.042965	7.680599
758369974	MAG	-38.9375	7.125	-55.1875
758369974	GYR	0.037873644	-0.07819075	-0.004886922
758369984	ACC	-0.21068975	6.0238113	7.690176
758369984	MAG	-39.25	7.125	-54.9375
758369984	GYR	0.012217305	-0.09773844	0.0036651914
758369994	ACC	-0.25857377	6.0716953	7.632715
758369994	MAG	-39.375	7.5	-54.6875
758369994	GYR	-0.010995574	-0.09773844	0.010995574
758370004	ACC	-0.18195933	6.033388	7.728483
758370004	MAG	-39.6875	7.625	-54.25
758370004	GYR	-0.032986723	-0.09040806	0.014660765
758370014	ACC	-0.15322891	6.0142345	7.7572136
758370014	MAG	-39.5	7.5	-54.25
758370014	GYR	-0.047647487	-0.087964594	0.014660765
758370024	ACC	-0.17238252	5.995081	7.776367
758370024	MAG	-40.0625	7.25	-54.375
758370024	GYR	-0.05864306	-0.0842994	0.017104227
758370034	ACC	-0.16280572	6.0142345	7.824251
758370034	MAG	-39.9375	7.125	-54.6875
758370034	GYR	-0.07086037	-0.07941248	0.020769417
758370044	ACC	-0.05746084	5.9663506	8.054094
758370044	MAG	-39.5	6.8125	-54.8125
758370044	GYR	-0.07696902	-0.08307767	0.018325957
758370054	ACC	-0.08619126	5.9759274	8.0445175
758370054	MAG	-39.375	6.8125	-54.9375
758370054	GYR	-0.06719518	-0.089186326	0.017104227
758370064	ACC	-0.17238252	6.033388	7.795521
758370064	MAG	-39.25	6.5625	-55.0625
758370064	GYR	-0.059864793	-0.0842994	0.02321288
758370074	ACC	-0.18195933	6.0525417	8.0924015
758370074	MAG	-39.25	6.8125	-54.9375
758370074	GYR	-0.065973446	-0.087964594	0.034208454
758370084	ACC	-0.019153614	6.0716953	8.130709
758370084	MAG	-39.6875	6.6875	-55.1875
758370084	GYR	-0.065973446	-0.13316862	0.036651913
758370094	ACC	-0.019153614	6.0238113	8.169016
758370094	MAG	-40.1875	6.8125	-55.0625
758370094	GYR	-0.05375614	-0.12705997	0.03176499
758370104	ACC	0.0	5.995081	8.1881695
758370104	MAG	-40.0625	6.9375	-55.0625
758370104	GYR	-0.034208454	-0.11728612	0.02321288
758370114	ACC	-0.047884032	6.0142345	8.149862
758370114	MAG	-40.1875	7.5	-54.9375
758370114	GYR	-0.017104227	-0.11728612	0.010995574
758370124	ACC	-0.16280572	6.033388	8.054094
758370124	MAG	-40.1875	7.25	-54.9375
758370124	GYR	0.0	-0.11728612	0.0073303827
758370134	ACC	-0.076614454	6.0142345	8.130709
758370134	MAG	-40.1875	7.5	-54.5625
758370134	GYR	0.008552114	-0.10384709	0.014660765
758370144	ACC	0.0	6.033388	8.073248
758370144	MAG	-40.0625	7.8125	-54.6875
758370144	GYR	0.017104227	-0.09040806	0.018325957
758370154	ACC	-0.009576807	6.0238113	7.929596
758370154	MAG	-40.375	7.8125	-54.8125
758370154	GYR	0.020769417	-0.07819075	0.009773844
758370164	ACC	0.0	5.995081	7.9391727
758370164	MAG	-40.5	7.8125	-54.8125
758370164	GYR	0.018325957	-0.06841691	0.004886922
758370174	ACC	0.0	5.9663506	7.920019
758370174	MAG	-40.375	7.9375	-54.9375
758370174	GYR	0.014660765	-0.05497787	0.004886922
758370184	ACC	0.0	5.9759274	7.881712
758370184	MAG	-40.375	8.1875	-54.9375
758370184	GYR	0.009773844	-0.042760566	-0.0036651914
758370194	ACC	0.0	5.9759274	7.8529816
758370194	MAG	-40.0625	7.9375	-55.0625
758370194	GYR	0.0061086523	-0.032986723	-0.009773844
758370204	ACC	0.0	5.9759274	7.920019
758370204	MAG	-39.9375	7.9375	-54.9375
758370204	GYR	0.002443461	-0.0012217305	-0.013439035
758370214	ACC	0.0	6.0046577	7.9391727
758370214	MAG	-39.9375	8.0625	-55.0625
758370214	GYR	0.0036651914	0.010995574	-0.014660765
758370224	ACC	0.0	5.995081	8.00621
758370224	MAG	-40.1875	8.0625	-54.9375
758370224	GYR	0.008552114	0.021991149	-0.017104227
758370234	ACC	0.0	5.995081	7.9870567
758370234	MAG	-39.6875	7.8125	-55.0625
758370234	GYR	0.019547688	0.032986723	-0.021991149
758370244	ACC	0.0	5.9759274	7.920019
758370244	MAG	-40.0625	7.625	-54.5625
758370244	GYR	0.02443461	0.032986723	-0.02932153
758370254	ACC	-0.038307227	5.9759274	7.9487495
758370254	MAG	-40.1875	7.375	-54.6875
758370254	GYR	0.02443461	0.030543262	-0.032986723
758370264	ACC	-0.047884032	6.0525417	8.034941
758370264	MAG	-40.0625	7.125	-54.8125
758370264	GYR	0.02565634	0.028099801	-0.03176499
758370274	ACC	-0.009576807	6.0716953	8.063671
758370274	MAG	-39.8125	7.25	-55.0625
758370274	GYR	0.032986723	0.032986723	-0.02932153
758370284	ACC	-0.02873042	6.0238113	8.082825
758370284	MAG	-39.9375	7.125	-54.6875
758370284	GYR	0.040317107	0.041538835	-0.030543262
758370294	ACC	-0.10534488	6.0238113	8.054094
758370294	MAG	-40.0625	6.9375	-54.8125
758370294	GYR	0.047647487	0.039095376	-0.03176499
758370304	ACC	-0.1436521	6.0238113	8.0445175
758370304	MAG	-40.0625	6.6875	-54.8125
758370304	GYR	0.047647487	0.02565634	-0.02565634
758370314	ACC	-0.08619126	6.042965	7.9966335
758370314	MAG	-39.9375	6.6875	-54.6875
758370314	GYR	0.047647487	0.017104227	-0.020769417
758370324	ACC	-0.076614454	6.0621185	7.9391727
758370324	MAG	-39.9375	6.5625	-54.5625
758370324	GYR	0.041538835	0.008552114	-0.019547688
758370334	ACC	-0.076614454	6.0621185	7.8912888
758370334	MAG	-39.9375	6.6875	-54.8125
758370334	GYR	0.03176499	0.0061086523	-0.019547688
758370344	ACC	-0.076614454	6.042965	7.967903
758370344	MAG	-39.5	6.8125	-54.9375
758370344	GYR	0.02565634	0.004886922	-0.017104227
758370354	ACC	-0.06703765	6.0525417	8.0924015
758370354	MAG	-39.375	7.125	-54.8125
758370354	GYR	0.030543262	0.014660765	-0.014660765
758370364	ACC	-0.05746084	6.0716953	8.034941
758370364	MAG	-39.8125	7.125	-54.6875
758370364	GYR	0.04642576	0.03176499	-0.014660765
758370374	ACC	-0.038307227	6.0525417	7.9487495
758370374	MAG	-39.5	7.25	-54.8125
758370374	GYR	0.061086524	0.05131268	-0.015882496
758370384	ACC	-0.06703765	6.0621185	7.9008656
758370384	MAG	-39.6875	7.125	-55.0625
758370384	GYR	0.06352998	0.062308256	-0.019547688
758370394	ACC	-0.15322891	6.081272	7.7667904
758370394	MAG	-39.9375	7.375	-55.1875
758370394	GYR	0.06352998	0.07086037	-0.018325957
758370404	ACC	-0.21068975	6.090849	7.699753
758370404	MAG	-39.8125	7.8125	-55.375
758370404	GYR	0.05375614	0.06841691	-0.012217305
758370414	ACC	-0.16280572	6.0621185	7.73806
758370414	MAG	-39.6875	7.625	-55.375
758370414	GYR	0.035430185	0.05497787	-0.004886922
758370424	ACC	-0.12449849	6.090849	7.8050976
758370424	MAG	-40.0625	7.5	-55.375
758370424	GYR	0.013439035	0.041538835	-0.0012217305
758370434	ACC	-0.08619126	6.0716953	7.8912888
758370434	MAG	-39.8125	7.625	-55.375
758370434	GYR	-0.0012217305	0.02565634	-0.0012217305
758370444	ACC	-0.095768064	6.090849	7.9487495
758370444	MAG	-39.6875	7.375	-54.9375
758370444	GYR	-0.009773844	0.013439035	-0.002443461
758370454	ACC	-0.095768064	6.1100025	7.9487495
758370454	MAG	-39.9375	6.8125	-54.5625
758370454	GYR	-0.010995574	0.009773844	-0.0036651914
758370464	ACC	-0.08619126	6.090849	7.9487495
758370464	MAG	-39.8125	7.125	-54.6875
758370464	GYR	-0.009773844	0.009773844	-0.002443461
758370474	ACC	-0.08619126	6.081272	8.025364
758370474	MAG	-39.8125	6.8125	-54.375
758370474	GYR	-0.0073303827	0.017104227	0.0
758370484	ACC	-0.038307227	6.090849	8.082825
758370484	MAG	-40.1875	6.9375	-54.25
758370484	GYR	0.004886922	0.028099801	-0.0012217305
758370494	ACC	-0.02873042	6.042965	8.121132
758370494	MAG	-40.0625	6.9375	-54.375
758370494	GYR	0.019547688	0.034208454	-0.004886922
758370504	ACC	-0.05746084	6.033388	8.1402855
758370504	MAG	-39.9375	6.6875	-54.6875
758370504	GYR	0.035430185	0.041538835	-0.010995574
758370514	ACC	-0.10534488	6.0621185	8.082825
758370514	MAG	-39.8125	6.5625	-54.25
758370514	GYR	0.05253441	0.04886922	-0.013439035
758370524	ACC	-0.1340753	6.090849	7.9487495
758370524	MAG	-39.5	6.6875	-54.125
758370524	GYR	0.062308256	0.05253441	-0.012217305
758370534	ACC	-0.15322891	6.0621185	7.872135
758370534	MAG	-39.375	6.4375	-54.125
758370534	GYR	0.061086524	0.043982297	-0.008552114
758370544	ACC	-0.1340753	6.0716953	7.795521
758370544	MAG	-39.5	6.5625	-54.125
758370544	GYR	0.05131268	0.028099801	-0.0073303827
758370554	ACC	-0.1436521	6.1100025	7.8146744
758370554	MAG	-39.6875	6.9375	-54.375
758370554	GYR	0.037873644	0.020769417	-0.0073303827
758370564	ACC	-0.15322891	6.1004257	7.833828
758370564	MAG	-39.9375	6.9375	-54.6875
758370564	GYR	0.02932153	0.014660765	-0.004886922
758370574	ACC	-0.095768064	6.1100025	7.8625584
758370574	MAG	-40.0625	7.25	-55.0625
758370574	GYR	0.019547688	0.009773844	-0.002443461
758370584	ACC	-0.095768064	6.090849	7.920019
758370584	MAG	-39.8125	7.25	-55.1875
758370584	GYR	0.015882496	0.008552114	0.0
758370594	ACC	-0.05746084	6.081272	7.9487495
758370594	MAG	-39.6875	6.8125	-55.0625
758370594	GYR	0.018325957	0.0073303827	-0.004886922
758370604	ACC	-0.08619126	6.1004257	7.9391727
758370604	MAG	-39.5	6.8125	-54.8125
758370604	GYR	0.02443461	0.004886922	-0.008552114
758370614	ACC	-0.08619126	6.1100025	7.9104424
758370614	MAG	-39.5	6.5625	-54.6875
758370614	GYR	0.02932153	0.0061086523	-0.010995574
758370624	ACC	-0.08619126	6.129156	7.8529816
758370624	MAG	-39.125	6.5625	-54.5625
758370624	GYR	0.034208454	0.015882496	-0.012217305
758370634	ACC	-0.15322891	6.1195793	7.872135
758370634	MAG	-39.125	6.9375	-54.25
758370634	GYR	0.030543262	0.019547688	-0.013439035
758370644	ACC	-0.1436521	6.129156	7.8625584
758370644	MAG	-39.375	7.125	-54.5625
758370644	GYR	0.030543262	0.02321288	-0.013439035
758370654	ACC	-0.1436521	6.1387334	7.8529816
758370654	MAG	-39.375	7.125	-54.25
758370654	GYR	0.030543262	0.02321288	-0.010995574
758370664	ACC	-0.16280572	6.157887	7.9008656
758370664	MAG	-39.125	7.25	-54.25
758370664	GYR	0.02687807	0.015882496	-0.008552114
758370674	ACC	-0.16280572	6.14831	7.929596
758370674	MAG	-39.5	6.9375	-54.25
758370674	GYR	0.028099801	-0.0012217305	-0.0061086523
758370684	ACC	-0.1340753	6.157887	7.872135
758370684	MAG	-39.6875	6.4375	-54.375
758370684	GYR	0.02443461	-0.009773844	-0.008552114
758370694	ACC	-0.1436521	6.1387334	7.881712
758370694	MAG	-39.125	6.125	-54.375
758370694	GYR	0.018325957	-0.018325957	-0.010995574
758370704	ACC	-0.15322891	6.14831	7.881712
758370704	MAG	-39.25	6.125	-54.9375
758370704	GYR	0.014660765	-0.021991149	-0.0073303827
758370714	ACC	-0.076614454	6.157887	7.881712
758370714	MAG	-39.375	6.25	-55.0625
758370714	GYR	0.014660765	-0.015882496	-0.0061086523
758370724	ACC	-0.038307227	6.1195793	7.8912888
758370724	MAG	-39.25	6.25	-55.0625
758370724	GYR	0.015882496	-0.004886922	-0.008552114
758370843	ACC	-0.10534488	6.1195793	7.920019
758370734	MAG	-39.375	6.5625	-55.375
758370734	GYR	0.019547688	0.0061086523	-0.012217305
758370843	ACC	-0.1340753	6.1100025	7.97748
758370845	MAG	-39.9375	6.5625	-55.625
758370846	GYR	0.02932153	0.013439035	-0.013439035
758370843	ACC	-0.1340753	6.090849	7.9487495
758370845	MAG	-39.8125	6.5625	-55.375
758370846	GYR	0.041538835	0.014660765	-0.012217305
758370843	ACC	-0.1436521	6.090849	7.824251
758370845	MAG	-39.6875	6.25	-55.625
758370846	GYR	0.04642576	0.014660765	-0.010995574
758370843	ACC	-0.16280572	6.1195793	7.7667904
758370845	MAG	-39.8125	6.4375	-55.75
758370846	GYR	0.040317107	0.010995574	-0.010995574
758370843	ACC	-0.1436521	6.14831	7.7572136
758370845	MAG	-39.6875	6.4375	-55.75
758370846	GYR	0.03176499	0.010995574	-0.009773844
758370843	ACC	-0.16280572	6.129156	7.843405
758370845	MAG	-39.125	6.5625	-55.875
758370846	GYR	0.020769417	0.0073303827	-0.010995574
758370843	ACC	-0.19153613	6.14831	7.8912888
758370845	MAG	-39.25	6.5625	-56.0
758370846	GYR	0.014660765	0.002443461	-0.014660765
758370843	ACC	-0.18195933	6.14831	7.929596
758370845	MAG	-39.375	6.8125	-55.625
758370846	GYR	0.017104227	0.0012217305	-0.012217305
758370843	ACC	-0.17238252	6.129156	7.9487495
758370845	MAG	-39.25	6.6875	-55.1875
758370846	GYR	0.021991149	-0.002443461	-0.009773844
758370843	ACC	-0.16280572	6.1387334	7.929596
758370845	MAG	-39.375	6.5625	-54.8125
758370846	GYR	0.02932153	-0.0073303827	-0.009773844
758370844	ACC	-0.1340753	6.1770406	7.920019
758370845	MAG	-39.5	6.5625	-54.5625
758370846	GYR	0.035430185	-0.009773844	-0.009773844
758370854	ACC	-0.10534488	6.167464	7.9391727
758370854	MAG	-39.375	6.8125	-54.25
758370854	GYR	0.042760566	-0.0036651914	-0.008552114
758370864	ACC	-0.08619126	6.1770406	7.929596
758370864	MAG	-39.5	6.4375	-54.6875
758370864	GYR	0.05009095	0.0036651914	-0.008552114
758370874	ACC	-0.08619126	6.167464	7.881712
758370874	MAG	-39.6875	6.25	-54.9375
758370874	GYR	0.05742133	0.008552114	-0.010995574
758370884	ACC	-0.047884032	6.196194	7.9104424
758370884	MAG	-39.8125	6.25	-55.0625
758370884	GYR	0.062308256	0.012217305	-0.014660765
758370894	ACC	-0.076614454	6.196194	7.9583263
758370894	MAG	-40.375	6.25	-54.9375
758370894	GYR	0.065973446	0.02443461	-0.020769417
758370904	ACC	-0.06703765	6.167464	7.9104424
758370904	MAG	-40.375	5.875	-55.0625
758370904	GYR	0.07696902	0.040317107	-0.02565634
758370914	ACC	-0.095768064	6.167464	7.8146744
758370914	MAG	-39.9375	6.125	-54.8125
758370914	GYR	0.10140363	0.06352998	-0.035430185
758370924	ACC	-0.095768064	6.1770406	7.73806
758370924	MAG	-39.8125	6.125	-55.0625
758370924	GYR	0.10751228	0.08307767	-0.036651913
758370934	ACC	-0.076614454	6.215348	7.642292
758370934	MAG	-39.375	6.125	-55.0625
758370934	GYR	0.10751228	0.10873401	-0.036651913
758370944	ACC	-0.095768064	6.215348	7.603985
758370944	MAG	-39.125	6.25	-55.0625
758370944	GYR	0.10384709	0.1282817	-0.037873644
758370954	ACC	-0.08619126	6.196194	7.6231384
758370954	MAG	-39.375	6.125	-55.375
758370954	GYR	0.1001819	0.14905111	-0.040317107
758370964	ACC	-0.02873042	6.215348	7.5944076
758370964	MAG	-39.5	6.0	-55.625
758370964	GYR	0.09773844	0.17104226	-0.05253441
758370974	ACC	-0.047884032	6.14831	7.6710224
758370974	MAG	-39.375	6.0	-55.375
758370974	GYR	0.09285152	0.18692476	-0.07452556
758370984	ACC	-0.038307227	6.1387334	7.9104424
758370984	MAG	-39.25	6.0	-55.1875
758370984	GYR	0.10262536	0.19914207	-0.09773844
758370994	ACC	0.11492168	6.0525417	8.149862
758370994	MAG	-38.8125	5.875	-55.1875
758370994	GYR	0.14416419	0.22968532	-0.13072516
758371004	ACC	0.2777274	5.9567738	8.552089
758371004	MAG	-38.5625	6.0	-54.8125
758371004	GYR	0.23090705	0.2932153	-0.18814649
758371014	ACC	0.47884035	5.9663506	8.829816
758371014	MAG	-38.25	6.4375	-54.375
758371014	GYR	0.36651915	0.38362336	-0.26755896
758371024	ACC	0.62249243	5.8801594	8.896853
758371024	MAG	-38.0	6.4375	-54.25
758371024	GYR	0.52656585	0.4691445	-0.3652974
758371034	ACC	0.9864111	5.8705826	9.557653
758371034	MAG	-38.0	6.0	-54.6875
758371034	GYR	0.7086037	0.593761	-0.47525316
758371044	ACC	1.1204864	5.8705826	9.605537
758371044	MAG	-38.25	5.4375	-54.5625
758371044	GYR	0.9602802	0.7648033	-0.6084218
758371054	ACC	1.2449849	5.506664	9.404425
758371054	MAG	-37.6875	5.0	-54.5625
758371054	GYR	1.2315043	1.0128145	-0.77946407
758371064	ACC	1.0055647	5.5737014	9.9790325
758371064	MAG	-37.3125	4.3125	-54.375
758371064	GYR	1.5015068	1.2754866	-0.9749409
758371074	ACC	0.7757214	5.7843914	9.461885
758371074	MAG	-37.1875	3.8125	-54.5625
758371074	GYR	1.7568485	1.3158038	-1.1044444
758371084	ACC	0.49799395	5.659893	8.916007
758371084	MAG	-36.0625	3.25	-54.0
758371084	GYR	1.9669861	1.346347	-1.2363912
758371094	ACC	0.019153614	5.899313	8.465898
758371094	MAG	-34.5	2.8125	-53.75
758371094	GYR	2.1416936	1.455081	-1.3939945
758371104	ACC	-0.6895301	6.0142345	6.9623384
758371104	MAG	-33.4375	2.25	-53.3125
758371104	GYR	2.3041837	1.5308282	-1.4807373
758371114	ACC	-1.2641385	6.2728086	6.033388
758371114	MAG	-32.3125	1.0625	-53.3125
758371114	GYR	2.3774874	1.5613716	-1.4734069
758371124	ACC	-1.9249382	6.483498	5.755661
758371124	MAG	-30.75	0.0625	-52.625
758371124	GYR	2.3200662	1.6762142	-1.5112805
758371134	ACC	-2.3750482	6.8091097	5.2480903
758371134	MAG	-29.8125	-0.75	-52.25
758371134	GYR	2.2638667	1.7385224	-1.4575244
758371144	ACC	-3.2944214	7.52737	4.6160207
758371144	MAG	-29.125	-1.75	-51.6875
758371144	GYR	2.130698	1.6786577	-1.2742649
758371154	ACC	-4.2042184	8.034941	4.2999864
758371154	MAG	-28.125	-2.4375	-51.1875
758371154	GYR	2.0146337	1.6676621	-1.0995574
758371164	ACC	-4.7022123	8.418014	3.5434184
758371164	MAG	-27.0625	-2.8125	-50.1875
758371164	GYR	1.8753563	1.6163495	-0.89675015
758371174	ACC	-4.9416323	8.523358	3.3135753
758371174	MAG	-25.9375	-3.5	-49.8125
758371174	GYR	1.6859881	1.5540411	-0.68661255
758371184	ACC	-5.1235914	8.571242	3.1603463
758371184	MAG	-25.625	-3.9375	-49.125
758371184	GYR	1.4892894	1.3878858	-0.49968776
758371194	ACC	-5.142745	8.532935	3.466804
758371194	MAG	-24.6875	-4.5	-48.625
758371194	GYR	1.2901474	1.1728612	-0.33841935
758371204	ACC	-4.8745947	8.418014	3.9552212
758371204	MAG	-24.0	-5.1875	-48.0625
758371204	GYR	1.1154399	0.92851514	-0.2089159
758371214	ACC	-4.414908	8.312668	4.175488
758371214	MAG	-23.4375	-6.0	-47.8125
758371214	GYR	0.98349303	0.7281514	-0.13072516
758371224	ACC	-3.8498764	8.149862	4.1371803
758371224	MAG	-23.3125	-6.4375	-47.375
758371224	GYR	0.8869763	0.5815437	-0.10384709
758371234	ACC	-3.4380736	8.034941	3.9264908
758371234	MAG	-22.875	-6.9375	-46.8125
758371234	GYR	0.8100073	0.4569272	-0.10995574
758371244	ACC	-3.3327289	8.0445175	3.572149
758371244	MAG	-22.4375	-7.25	-46.6875
758371244	GYR	0.7281514	0.36896262	-0.13316862
758371254	ACC	-3.3327289	8.111555	3.4572272
758371254	MAG	-22.3125	-7.5	-46.4375
758371254	GYR	0.6365216	0.31520647	-0.15027285
758371264	ACC	-3.4763808	8.063671	3.5242648
758371264	MAG	-22.3125	-7.375	-46.4375
758371264	GYR	0.54611355	0.25045475	-0.16371189
758371274	ACC	-3.6104562	8.073248	3.6487634
758371274	MAG	-22.1875	-7.5	-46.4375
758371274	GYR	0.45814893	0.19303341	-0.16982053
758371284	ACC	-3.2561142	7.929596	3.7445314
758371284	MAG	-21.5	-7.8125	-46.5625
758371284	GYR	0.39095375	0.16615534	-0.1649336
758371294	ACC	-4.6255975	6.4739213	-6.751649
758371294	MAG	-21.375	-8.0625	-46.6875
758371294	GYR	0.26633725	0.27000242	-0.16371189
758371304	ACC	-4.3957543	8.542512	0.9959879
758371304	MAG	-21.375	-8.625	-47.125
758371304	GYR	-0.4178318	0.6426302	-0.096516706
758371314	ACC	-5.21936	9.078813	1.3311762
758371314	MAG	-21.5	-8.625	-47.0
758371314	GYR	-0.8417723	-0.041538835	0.040317107
758371324	ACC	-5.5162406	9.222465	3.6104562
758371324	MAG	-21.375	-8.3125	-46.8125
758371324	GYR	-1.1337659	-0.38606682	0.22235495
758371334	ACC	-5.0182467	9.433155	6.4068837
758371334	MAG	-21.5	-7.9375	-47.0
758371334	GYR	-1.2889256	-0.59864795	0.39828414
758371344	ACC	-4.232949	9.346964	8.207323
758371344	MAG	-22.0625	-7.25	-47.25
758371344	GYR	-1.1985176	-0.77335536	0.5656612
758371354	ACC	-3.3997664	8.896853	8.130709
758371354	MAG	-22.0625	-6.5625	-47.8125
758371354	GYR	-0.93584555	-0.77579886	0.6817256
758371364	ACC	-2.9496565	8.599973	7.086837
758371364	MAG	-22.3125	-6.6875	-48.3125
758371364	GYR	-0.675617	-0.66462135	0.7049385
758371374	ACC	-2.882619	8.236053	6.1100025
758371374	MAG	-23.0	-6.5625	-49.0
758371374	GYR	-0.41416663	-0.48380527	0.56321776
758371384	ACC	-2.920926	7.7667904	4.9703627
758371384	MAG	-23.6875	-6.5625	-49.4375
758371384	GYR	-0.4178318	-0.3921755	0.44959682
758371394	ACC	-3.1603463	7.5944076	4.721366
758371394	MAG	-24.125	-6.5625	-49.4375
758371394	GYR	-0.44715336	-0.3408628	0.34330627
758371404	ACC	-3.5434184	7.680599	4.76925
758371404	MAG	-24.25	-6.5625	-48.875
758371404	GYR	-0.47158796	-0.37629297	0.28955013
758371414	ACC	-3.6583402	7.8146744	4.673482
758371414	MAG	-24.25	-6.125	-48.75
758371414	GYR	-0.4886922	-0.47769663	0.31764993
758371424	ACC	-3.3039982	7.7667904	4.3861775
758371424	MAG	-24.125	-6.4375	-48.75
758371424	GYR	-0.52656585	-0.5888741	0.38362336
758371434	ACC	-2.9592333	7.747637	4.232949
758371434	MAG	-24.125	-6.25	-49.25
758371434	GYR	-0.6047566	-0.6792821	0.42760566
758371444	ACC	-2.9400797	7.8146744	4.1659107
758371444	MAG	-24.375	-6.125	-49.5625
758371444	GYR	-0.71837753	-0.7648033	0.45814893
758371454	ACC	-2.7485435	7.7572136	4.2425256
758371454	MAG	-25.0625	-5.5625	-50.0625
758371454	GYR	-0.84421575	-0.8710938	0.5021312
758371464	ACC	-2.6144683	7.3549876	4.1276035
758371464	MAG	-25.625	-5.4375	-50.75
758371464	GYR	-0.95539325	-0.9957103	0.5546656
758371474	ACC	-2.1068976	7.565677	4.1276035
758371474	MAG	-26.3125	-4.875	-50.75
758371474	GYR	-1.1007792	-1.1044444	0.6096435
758371484	ACC	-1.9632454	7.690176	4.912902
758371484	MAG	-27.1875	-4.5	-51.1875
758371484	GYR	-1.2742649	-1.1484267	0.6206391
758371494	ACC	-1.8962077	7.5465236	5.506664
758371494	MAG	-27.5625	-4.1875	-52.125
758371494	GYR	-1.3658947	-1.1850785	0.63163465
758371504	ACC	-1.5131354	7.441179	6.0046577
758371504	MAG	-28.125	-3.625	-52.8125
758371504	GYR	-1.3671165	-1.1582005	0.6377433
758371514	ACC	-1.0630256	7.1730285	6.4547677
758371514	MAG	-28.8125	-2.9375	-52.8125
758371514	GYR	-1.3316863	-1.0934488	0.61575216
758371524	ACC	-0.8331822	6.895301	7.0581064
758371524	MAG	-29.6875	-2.9375	-53.3125
758371524	GYR	-1.2901474	-0.9993755	0.5522222
758371534	ACC	-0.7469909	6.8282633	7.73806
758371534	MAG	-30.0625	-2.4375	-53.3125
758371534	GYR	-1.1850785	-0.9468411	0.47403142
758371544	ACC	-0.5746084	6.7229185	7.9966335
758371544	MAG	-30.625	-1.875	-52.9375
758371544	GYR	-0.9969321	-0.9028588	0.40439278
758371554	ACC	-0.37349546	6.6175733	8.236053
758371554	MAG	-31.5	-1.4375	-52.625
758371554	GYR	-0.8002335	-0.8026769	0.31887165
758371564	ACC	-0.30645782	6.6175733	8.207323
758371564	MAG	-31.875	-1.3125	-52.8125
758371564	GYR	-0.5864306	-0.68050385	0.2125811
758371574	ACC	-0.23942018	6.655881	7.9870567
758371574	MAG	-31.875	-0.625	-52.8125
758371574	GYR	-0.37507126	-0.55588734	0.11362094
758371584	ACC	-0.22026655	6.7708025	7.747637
758371584	MAG	-32.3125	-0.625	-52.9375
758371584	GYR	-0.2003638	-0.40683624	0.020769417
758371594	ACC	-0.48841715	6.8282633	7.52737
758371594	MAG	-32.4375	-0.75	-53.3125
758371594	GYR	-0.059864793	-0.25289822	-0.06841691
758371604	ACC	-0.8810662	6.933608	7.144298
758371604	MAG	-32.0	-0.875	-53.4375
758371604	GYR	0.05253441	-0.10506882	-0.13927728
758371614	ACC	-1.2545617	7.0581064	6.6175733
758371614	MAG	-32.0	-0.875	-53.4375
758371614	GYR	0.14905111	0.095294975	-0.1600467
758371624	ACC	-1.4939818	7.0964136	6.2823853
758371624	MAG	-32.0	-0.875	-53.1875
758371624	GYR	0.12461651	0.11606439	-0.13316862
758371634	ACC	-1.5897499	7.0964136	6.14831
758371634	MAG	-31.875	-0.625	-53.0625
758371634	GYR	0.07574729	0.11606439	-0.10384709
758371644	ACC	-1.685518	7.1730285	6.2345014
758371644	MAG	-32.3125	-0.375	-52.375
758371644	GYR	0.02932153	0.10629055	-0.07941248
758371654	ACC	-1.7142484	7.2113357	6.3781533
758371654	MAG	-33.0	-0.625	-52.125
758371654	GYR	-0.0073303827	0.0842994	-0.06352998
758371664	ACC	-1.6184803	7.2113357	6.4260373
758371664	MAG	-33.0	-0.625	-52.125
758371664	GYR	-0.030543262	0.06352998	-0.05131268
758371674	ACC	-1.6089035	7.2687964	6.493075
758371674	MAG	-33.25	-0.375	-52.5
758371674	GYR	-0.04886922	0.05131268	-0.04886922
758371684	ACC	-1.6472107	7.2783732	6.5601125
758371684	MAG	-33.5625	-0.625	-52.5
758371684	GYR	-0.05742133	0.034208454	-0.05253441
758371694	ACC	-1.6184803	7.2783732	6.5505357
758371694	MAG	-33.125	-0.625	-52.625
758371694	GYR	-0.061086524	0.015882496	-0.05742133
758371704	ACC	-1.5897499	7.297527	6.6079965
758371704	MAG	-32.875	-0.75	-52.8125
758371704	GYR	-0.061086524	0.0036651914	-0.062308256
758371714	ACC	-1.6567876	7.335834	6.6175733
758371714	MAG	-33.125	-0.5	-52.5
758371714	GYR	-0.05375614	-0.0061086523	-0.06841691
758371724	ACC	-1.7238252	7.335834	6.6079965
758371724	MAG	-33.125	-0.5	-52.25
758371724	GYR	-0.05131268	-0.018325957	-0.07086037
758371734	ACC	-1.7429788	7.3549876	6.5601125
758371734	MAG	-33.4375	-0.0625	-51.8125
758371734	GYR	-0.056199603	-0.036651913	-0.06963864
758371744	ACC	-1.8195933	7.4124484	6.5984197
758371744	MAG	-33.4375	0.0625	-52.25
758371744	GYR	-0.073303826	-0.061086524	-0.05864306
758371754	ACC	-1.8195933	7.4603324	6.6079965
758371754	MAG	-33.125	0.5	-52.375
758371754	GYR	-0.09285152	-0.08307767	-0.037873644
758371764	ACC	-1.7525556	7.469909	6.646304
758371764	MAG	-33.125	0.375	-52.5
758371764	GYR	-0.111177474	-0.1001819	-0.015882496
758371774	ACC	-1.685518	7.383718	6.7133417
758371774	MAG	-33.125	0.0625	-52.5
758371774	GYR	-0.12583824	-0.10262536	0.002443461
758371784	ACC	-1.6567876	7.28795	6.847417
758371784	MAG	-32.4375	0.1875	-52.8125
758371784	GYR	-0.13316862	-0.09407324	0.012217305
758371794	ACC	-1.5227122	7.2209125	6.895301
758371794	MAG	-32.5625	0.375	-52.5
758371794	GYR	-0.12461651	-0.07696902	0.014660765
758371804	ACC	-1.4652514	7.201759	6.9719152
758371804	MAG	-32.875	0.375	-52.375
758371804	GYR	-0.10751228	-0.05864306	0.012217305
758371814	ACC	-1.5227122	7.1826053	6.8569937
758371814	MAG	-32.75	0.625	-52.5
758371814	GYR	-0.081855945	-0.034208454	0.0
758371824	ACC	-1.5897499	7.1347213	6.703765
758371824	MAG	-32.5625	0.875	-52.625
758371824	GYR	-0.062308256	-0.015882496	-0.0073303827
758371834	ACC	-1.6280571	7.07726	6.6271505
758371834	MAG	-32.75	0.875	-52.8125
758371834	GYR	-0.05864306	-0.0061086523	-0.010995574
758371844	ACC	-1.685518	7.1155677	6.6175733
758371844	MAG	-32.875	0.625	-52.9375
758371844	GYR	-0.06841691	0.002443461	0.0
758371854	ACC	-1.6567876	7.1251445	6.5984197
758371854	MAG	-33.0	0.875	-53.0625
758371854	GYR	-0.07574729	0.004886922	0.012217305
758371864	ACC	-1.6089035	7.1155677	6.5696893
758371864	MAG	-33.125	0.625	-52.8125
758371864	GYR	-0.0842994	0.0061086523	0.019547688
758371874	ACC	-1.5993267	7.086837	6.5218053
758371874	MAG	-33.0	0.625	-53.0625
758371874	GYR	-0.09162979	0.012217305	0.028099801
758371884	ACC	-1.6089035	7.07726	6.540959
758371884	MAG	-33.25	0.625	-52.625
758371884	GYR	-0.10140363	0.018325957	0.036651913
758371894	ACC	-1.5610195	7.1347213	6.5601125
758371894	MAG	-32.875	1.0625	-52.25
758371894	GYR	-0.11362094	0.013439035	0.04642576
758371904	ACC	-1.541866	7.192182	6.6271505
758371904	MAG	-32.75	0.75	-52.375
758371904	GYR	-0.12583824	-0.0036651914	0.05131268
758371914	ACC	-1.532289	7.153875	6.655881
758371914	MAG	-32.75	0.75	-52.5
758371914	GYR	-0.13439035	-0.019547688	0.05131268
758371924	ACC	-1.4269443	7.1251445	6.6750345
758371924	MAG	-32.75	0.875	-52.25
758371924	GYR	-0.13683382	-0.02687807	0.05253441
758371934	ACC	-1.3982137	7.1347213	6.6846113
758371934	MAG	-32.3125	1.1875	-52.625
758371934	GYR	-0.13683382	-0.02443461	0.043982297
758371944	ACC	-1.4556746	7.144298	6.8091097
758371944	MAG	-33.0	0.75	-52.625
758371944	GYR	-0.13683382	-0.019547688	0.035430185
758371954	ACC	-1.5610195	7.144298	7.019799
758371954	MAG	-32.875	0.875	-52.5
758371954	GYR	-0.12950343	-0.012217305	0.03176499
758371964	ACC	-1.532289	7.1347213	7.086837
758371964	MAG	-32.5625	1.0625	-52.8125
758371964	GYR	-0.10995574	-0.009773844	0.03176499
758371974	ACC	-1.532289	7.1347213	7.019799
758371974	MAG	-32.875	1.0625	-52.9375
758371974	GYR	-0.08674286	-0.010995574	0.03176499
758371984	ACC	-1.541866	7.144298	6.9144545
758371984	MAG	-33.25	0.75	-52.9375
758371984	GYR	-0.07086037	-0.010995574	0.02687807
758371994	ACC	-1.541866	7.144298	6.847417
758371994	MAG	-33.125	1.0625	-53.0625
758371994	GYR	-0.06841691	-0.010995574	0.021991149
758372004	ACC	-1.5993267	7.1155677	6.847417
758372004	MAG	-33.125	1.0625	-53.0625
758372004	GYR	-0.065973446	-0.0061086523	0.021991149
758372014	ACC	-1.6472107	7.1059904	6.9048777
758372014	MAG	-33.25	1.3125	-52.8125
758372014	GYR	-0.065973446	-0.0073303827	0.02443461
758372024	ACC	-1.5514427	7.1251445	6.9144545
758372024	MAG	-33.4375	1.1875	-52.5
758372024	GYR	-0.061086524	-0.0073303827	0.03176499
758372034	ACC	-1.484405	7.1155677	6.9719152
758372034	MAG	-33.125	0.875	-52.25
758372034	GYR	-0.056199603	-0.004886922	0.032986723
758372044	ACC	-1.4748282	7.086837	6.9623384
758372044	MAG	-33.0	0.875	-52.375
758372044	GYR	-0.042760566	-0.0061086523	0.02932153
758372054	ACC	-1.541866	7.07726	6.9144545
758372054	MAG	-33.0	0.875	-52.625
758372054	GYR	-0.030543262	-0.008552114	0.021991149
758372064	ACC	-1.541866	7.07726	6.943185
758372064	MAG	-33.0	0.875	-52.8125
758372064	GYR	-0.028099801	-0.008552114	0.017104227
758372074	ACC	-1.5131354	7.086837	7.0006456
758372074	MAG	-33.0	1.1875	-53.1875
758372074	GYR	-0.02565634	-0.009773844	0.017104227
758372084	ACC	-1.3790601	7.067683	6.9527617
758372084	MAG	-33.0	1.0625	-53.5625
758372084	GYR	-0.0036651914	-0.019547688	0.010995574
758372094	ACC	-1.4077905	7.0581064	6.8091097
758372094	MAG	-33.0	1.0625	-53.4375
758372094	GYR	-0.008552114	-0.02565634	0.0036651914
758372104	ACC	-1.6376339	7.07726	6.789956
758372104	MAG	-33.25	1.0625	-53.0625
758372104	GYR	-0.020769417	-0.040317107	0.0061086523
758372114	ACC	-1.6567876	7.086837	6.8665705
758372114	MAG	-33.4375	1.1875	-53.0625
758372114	GYR	-0.020769417	-0.05131268	0.015882496
758372124	ACC	-1.4939818	7.029376	6.847417
758372124	MAG	-33.125	0.875	-52.8125
758372124	GYR	-0.021991149	-0.059864793	0.019547688
758372134	ACC	-1.4077905	7.029376	6.8186865
758372134	MAG	-33.125	1.4375	-52.5
758372134	GYR	-0.034208454	-0.059864793	0.012217305
758372144	ACC	-1.436521	7.0485296	6.895301
758372144	MAG	-33.25	1.75	-52.625
758372144	GYR	-0.041538835	-0.05497787	0.0036651914
758372154	ACC	-1.484405	7.0006456	6.943185
758372154	MAG	-33.4375	1.5625	-53.0625
758372154	GYR	-0.039095376	-0.05375614	0.0
758372164	ACC	-1.4939818	7.019799	6.9240313
758372164	MAG	-33.4375	1.1875	-52.625
758372164	GYR	-0.03176499	-0.04642576	0.0012217305
758372174	ACC	-1.4939818	7.029376	6.895301
758372174	MAG	-33.6875	1.3125	-52.8125
758372174	GYR	-0.02565634	-0.043982297	0.0036651914
758372184	ACC	-1.532289	7.0485296	6.9719152
758372184	MAG	-34.0	0.875	-53.1875
758372184	GYR	-0.018325957	-0.043982297	0.009773844
758372194	ACC	-1.4077905	7.029376	6.991069
758372194	MAG	-33.5625	0.75	-53.1875
758372194	GYR	-0.004886922	-0.035430185	0.015882496
758372204	ACC	-1.283292	6.991069	6.9240313
758372204	MAG	-33.4375	1.0625	-52.8125
758372204	GYR	0.010995574	-0.028099801	0.017104227
758372214	ACC	-1.3311762	7.029376	6.8186865
758372214	MAG	-33.25	1.5625	-53.0625
758372214	GYR	0.013439035	-0.014660765	0.010995574
758372224	ACC	-1.4460979	7.067683	6.895301
758372224	MAG	-33.25	1.4375	-52.625
758372224	GYR	0.010995574	-0.0061086523	0.004886922
758372234	ACC	-1.4077905	7.067683	6.981492
758372234	MAG	-33.4375	1.5625	-52.0
758372234	GYR	0.010995574	0.002443461	0.0061086523
758372244	ACC	-1.436521	7.067683	6.9240313
758372244	MAG	-33.5625	1.75	-52.0
758372244	GYR	0.017104227	0.015882496	0.0073303827
758372254	ACC	-1.4748282	7.067683	6.885724
758372254	MAG	-33.25	1.75	-52.375
758372254	GYR	0.021991149	0.017104227	0.008552114
758372264	ACC	-1.4652514	7.0485296	6.8282633
758372264	MAG	-33.125	1.3125	-52.625
758372264	GYR	0.02321288	0.009773844	0.010995574
758372274	ACC	-1.3982137	7.086837	6.8091097
758372274	MAG	-33.25	1.1875	-53.0625
758372274	GYR	0.017104227	0.0036651914	0.012217305
758372284	ACC	-1.3694834	7.1059904	6.7324953
758372284	MAG	-33.0	1.3125	-53.4375
758372284	GYR	0.0073303827	0.0012217305	0.012217305
758372294	ACC	-1.5131354	7.1059904	6.7708025
758372294	MAG	-32.875	1.3125	-53.4375
758372294	GYR	-0.002443461	0.0036651914	0.008552114
758372304	ACC	-1.4556746	7.1059904	6.8761473
758372304	MAG	-32.875	1.0625	-52.9375
758372304	GYR	-0.012217305	0.0061086523	0.0061086523
758372314	ACC	-1.388637	7.1059904	6.9048777
758372314	MAG	-33.125	0.875	-52.625
758372314	GYR	-0.014660765	-0.0061086523	0.002443461
758372324	ACC	-1.4652514	7.0964136	6.895301
758372324	MAG	-33.0	1.0625	-52.5
758372324	GYR	-0.009773844	-0.015882496	0.0
758372334	ACC	-1.5227122	7.1059904	6.9527617
758372334	MAG	-32.875	0.75	-52.5
758372334	GYR	0.0012217305	-0.030543262	0.0012217305
758372344	ACC	-1.4556746	7.0964136	6.9719152
758372344	MAG	-33.0	0.625	-52.625
758372344	GYR	0.009773844	-0.04520403	0.002443461
758372354	ACC	-1.3311762	7.0964136	6.83784
758372354	MAG	-33.4375	0.875	-53.0625
758372354	GYR	0.010995574	-0.05253441	-0.0012217305
758372364	ACC	-1.3311762	7.0581064	6.8186865
758372364	MAG	-33.25	0.75	-53.3125
758372364	GYR	0.009773844	-0.04642576	-0.009773844
758372374	ACC	-1.4173675	7.029376	6.8282633
758372374	MAG	-32.875	1.3125	-53.3125
758372374	GYR	0.009773844	-0.030543262	-0.010995574
758372384	ACC	-1.4173675	7.029376	6.799533
758372384	MAG	-32.875	1.3125	-53.1875
758372384	GYR	0.002443461	-0.021991149	-0.0073303827
758372394	ACC	-1.4077905	7.029376	6.7803793
758372394	MAG	-32.875	1.1875	-53.5625
758372394	GYR	-0.008552114	-0.013439035	-0.004886922
758372404	ACC	-1.388637	7.029376	6.895301
758372404	MAG	-32.5625	1.1875	-53.5625
758372404	GYR	-0.017104227	0.0012217305	-0.0036651914
758372414	ACC	-1.3599066	7.019799	6.943185
758372414	MAG	-32.5625	1.5625	-53.75
758372414	GYR	-0.015882496	0.014660765	-0.002443461
758372424	ACC	-1.3311762	7.019799	6.9527617
758372424	MAG	-33.0	1.1875	-53.75
758372424	GYR	-0.009773844	0.02687807	-0.002443461
758372434	ACC	-1.3694834	7.038953	6.9144545
758372434	MAG	-33.4375	1.0625	-53.75
758372434	GYR	-0.0036651914	0.04520403	-0.004886922
758372444	ACC	-1.4077905	7.029376	6.885724
758372444	MAG	-33.25	0.875	-53.0625
758372444	GYR	0.0012217305	0.06352998	-0.0061086523
758372454	ACC	-1.436521	7.0581064	6.8282633
758372454	MAG	-33.125	0.75	-53.0625
758372454	GYR	-0.0012217305	0.07574729	-0.002443461
758372464	ACC	-1.4556746	7.029376	6.847417
758372464	MAG	-33.4375	0.625	-52.9375
758372464	GYR	-0.0036651914	0.08307767	-0.0012217305
758372474	ACC	-1.484405	7.019799	6.799533
758372474	MAG	-33.25	0.75	-52.8125
758372474	GYR	-0.0061086523	0.08307767	0.0012217305
758372484	ACC	-1.4652514	6.981492	6.789956
758372484	MAG	-32.875	1.1875	-52.8125
758372484	GYR	-0.008552114	0.09285152	0.002443461
758372494	ACC	-1.484405	7.038953	6.7612257
758372494	MAG	-33.0	1.0625	-52.5
758372494	GYR	-0.0073303827	0.10629055	0.004886922
758372504	ACC	-1.5705963	7.0581064	6.789956
758372504	MAG	-32.875	1.0625	-52.5
758372504	GYR	-0.013439035	0.10262536	0.0061086523
758372514	ACC	-1.5514427	7.0581064	6.799533
758372514	MAG	-32.5625	0.75	-52.125
758372514	GYR	-0.02443461	0.080634214	0.0073303827
758372524	ACC	-1.532289	7.067683	6.8282633
758372524	MAG	-32.875	0.375	-52.125
758372524	GYR	-0.035430185	0.06719518	0.008552114
758372534	ACC	-1.5227122	7.086837	6.9048777
758372534	MAG	-32.875	0.1875	-52.375
758372534	GYR	-0.043982297	0.061086524	0.0073303827
758372544	ACC	-1.5705963	7.1251445	6.9719152
758372544	MAG	-33.125	0.5	-52.625
758372544	GYR	-0.04642576	0.047647487	0.0061086523
758372554	ACC	-1.5801731	7.1251445	7.0581064
758372554	MAG	-33.5625	0.625	-52.5
758372554	GYR	-0.041538835	0.04520403	0.008552114
758372564	ACC	-1.5514427	7.1059904	7.0581064
758372564	MAG	-33.5625	1.1875	-52.5
758372564	GYR	-0.03176499	0.04520403	0.010995574
758372574	ACC	-1.4939818	7.0964136	7.0006456
758372574	MAG	-33.25	1.3125	-52.625
758372574	GYR	-0.021991149	0.04520403	0.010995574
758372584	ACC	-1.4652514	7.029376	6.933608
758372584	MAG	-33.5625	1.1875	-52.375
758372584	GYR	-0.017104227	0.041538835	0.009773844
758372594	ACC	-1.4652514	7.038953	6.885724
758372594	MAG	-33.25	1.1875	-52.8125
758372594	GYR	-0.013439035	0.042760566	0.008552114
758372604	ACC	-1.4652514	7.038953	6.8569937
758372604	MAG	-33.0	1.0625	-53.1875
758372604	GYR	-0.012217305	0.040317107	0.009773844
758372614	ACC	-1.4460979	7.0006456	6.8569937
758372614	MAG	-33.25	1.0625	-53.4375
758372614	GYR	-0.013439035	0.036651913	0.009773844
758372624	ACC	-1.4460979	7.0102224	6.8186865
758372624	MAG	-33.25	1.1875	-53.4375
758372624	GYR	-0.012217305	0.034208454	0.0073303827
758372634	ACC	-1.4652514	7.019799	6.8091097
758372634	MAG	-33.125	1.3125	-53.5625
758372634	GYR	-0.013439035	0.030543262	0.0061086523
758372644	ACC	-1.4939818	7.038953	6.799533
758372644	MAG	-33.125	1.4375	-53.0625
758372644	GYR	-0.018325957	0.028099801	0.004886922
758372654	ACC	-1.484405	7.029376	6.8569937
758372654	MAG	-33.25	1.1875	-52.8125
758372654	GYR	-0.02687807	0.02687807	0.0036651914
758372664	ACC	-1.4652514	7.0485296	6.9048777
758372664	MAG	-33.0	0.875	-53.0625
758372664	GYR	-0.032986723	0.02321288	0.0036651914
758372674	ACC	-1.5035586	7.0485296	6.9240313
758372674	MAG	-32.75	0.875	-53.0625
758372674	GYR	-0.034208454	0.020769417	0.0036651914
758372684	ACC	-1.5035586	7.038953	6.9048777
758372684	MAG	-32.875	1.0625	-52.8125
758372684	GYR	-0.034208454	0.014660765	0.0036651914
758372694	ACC	-1.5035586	7.038953	6.8761473
758372694	MAG	-32.5625	1.0625	-53.3125
758372694	GYR	-0.035430185	0.008552114	0.0036651914
758372704	ACC	-1.4939818	7.0006456	6.8569937
758372704	MAG	-32.4375	1.4375	-53.0625
758372704	GYR	-0.039095376	0.0073303827	0.0061086523
758372714	ACC	-1.4748282	6.9719152	6.8569937
758372714	MAG	-32.75	1.3125	-52.625
758372714	GYR	-0.042760566	0.0061086523	0.0036651914
758372724	ACC	-1.4652514	6.9719152	6.8282633
758372724	MAG	-32.875	1.0625	-53.0625
758372724	GYR	-0.04642576	0.009773844	0.002443461
758372734	ACC	-1.4460979	6.9719152	6.8282633
758372734	MAG	-32.4375	1.0625	-53.0625
758372734	GYR	-0.04886922	0.010995574	-0.0012217305
758372744	ACC	-1.484405	6.991069	6.8282633
758372744	MAG	-32.75	1.0625	-52.625
758372744	GYR	-0.05253441	0.013439035	-0.0036651914
758372754	ACC	-1.5035586	7.0006456	6.7803793
758372754	MAG	-33.0	1.0625	-53.0625
758372754	GYR	-0.056199603	0.018325957	-0.0061086523
758372764	ACC	-1.5227122	7.0006456	6.8569937
758372764	MAG	-32.3125	1.0625	-53.3125
758372764	GYR	-0.061086524	0.018325957	-0.0073303827
758372774	ACC	-1.5801731	7.0102224	6.9719152
758372774	MAG	-32.4375	1.4375	-53.0625
758372774	GYR	-0.062308256	0.017104227	-0.0073303827
758372784	ACC	-1.6280571	7.029376	6.991069
758372784	MAG	-32.75	1.5625	-53.1875
758372784	GYR	-0.05131268	-0.0036651914	0.002443461
758372794	ACC	-1.6089035	7.029376	6.9623384
758372794	MAG	-32.5625	1.5625	-53.4375
758372794	GYR	-0.04642576	-0.019547688	0.0073303827
758372804	ACC	-1.541866	7.0006456	6.9048777
758372804	MAG	-32.3125	1.75	-52.9375
758372804	GYR	-0.04520403	-0.02565634	0.009773844
758372814	ACC	-1.5131354	6.991069	6.895301
758372814	MAG	-32.5625	1.875	-52.625
758372814	GYR	-0.04520403	-0.02321288	0.0073303827
758372824	ACC	-1.4939818	7.0102224	6.847417
758372824	MAG	-32.4375	2.0	-52.5
758372824	GYR	-0.05375614	-0.02321288	0.004886922
758372834	ACC	-1.5035586	6.991069	6.847417
758372834	MAG	-32.5625	1.875	-52.5
758372834	GYR	-0.061086524	-0.020769417	0.002443461
758372844	ACC	-1.5131354	6.9623384	6.8282633
758372844	MAG	-32.75	1.5625	-52.375
758372844	GYR	-0.07086037	-0.021991149	-0.0012217305
758372854	ACC	-1.484405	6.9527617	6.8186865
758372854	MAG	-33.0	1.75	-52.5
758372854	GYR	-0.07941248	-0.021991149	-0.002443461
758372864	ACC	-1.5131354	6.9527617	6.895301
758372864	MAG	-33.25	1.875	-52.5
758372864	GYR	-0.089186326	-0.02321288	-0.004886922
758372874	ACC	-1.541866	6.933608	6.9144545
758372874	MAG	-33.4375	1.75	-52.5
758372874	GYR	-0.096516706	-0.03176499	-0.0061086523
758372884	ACC	-1.5610195	6.9240313	6.9240313
758372884	MAG	-33.0	1.5625	-52.5
758372884	GYR	-0.10262536	-0.040317107	-0.0012217305
758372894	ACC	-1.5514427	6.9144545	7.0006456
758372894	MAG	-33.0	1.75	-52.5
758372894	GYR	-0.10873401	-0.047647487	0.0036651914
758372904	ACC	-1.5993267	6.9144545	7.192182
758372904	MAG	-33.0	1.3125	-52.9375
758372904	GYR	-0.10873401	-0.05009095	0.010995574
758372914	ACC	-1.6184803	6.943185	7.28795
758372914	MAG	-32.75	1.3125	-53.1875
758372914	GYR	-0.09162979	-0.05253441	0.015882496
758372924	ACC	-1.541866	6.943185	7.192182
758372924	MAG	-32.5625	1.3125	-53.3125
758372924	GYR	-0.07086037	-0.05742133	0.02565634
758372934	ACC	-1.4460979	6.895301	7.1059904
758372934	MAG	-33.0	1.4375	-53.5625
758372934	GYR	-0.05497787	-0.062308256	0.028099801
758372944	ACC	-1.3982137	6.885724	7.0102224
758372944	MAG	-33.25	1.5625	-53.3125
758372944	GYR	-0.04520403	-0.056199603	0.02321288
758372954	ACC	-1.388637	6.9048777	6.9623384
758372954	MAG	-33.125	2.125	-52.8125
758372954	GYR	-0.04520403	-0.04642576	0.017104227
758372964	ACC	-1.436521	6.9240313	6.9240313
758372964	MAG	-33.125	2.25	-52.9375
758372964	GYR	-0.04642576	-0.040317107	0.010995574
758372974	ACC	-1.4269443	6.9048777	6.8569937
758372974	MAG	-33.125	2.125	-53.0625
758372974	GYR	-0.05009095	-0.040317107	0.009773844
758372984	ACC	-1.4269443	6.885724	6.8761473
758372984	MAG	-33.25	2.4375	-52.8125
758372984	GYR	-0.06352998	-0.042760566	0.008552114
758372994	ACC	-1.3790601	6.9144545	6.943185
758372994	MAG	-32.875	2.5625	-53.0625
758372994	GYR	-0.07819075	-0.047647487	0.0061086523
758373004	ACC	-1.388637	6.9048777	6.9623384
758373004	MAG	-33.0	2.25	-53.4375
758373004	GYR	-0.08307767	-0.04642576	0.0036651914
758373014	ACC	-1.4269443	6.8665705	7.086837
758373014	MAG	-33.25	2.5625	-53.1875
758373014	GYR	-0.08674286	-0.047647487	0.0
758373024	ACC	-1.4652514	6.8665705	7.3166804
758373024	MAG	-33.6875	2.6875	-52.9375
758373024	GYR	-0.06963864	-0.043982297	0.0036651914
758373034	ACC	-1.4460979	6.9048777	7.2783732
758373034	MAG	-33.25	2.6875	-52.9375
758373034	GYR	-0.042760566	-0.04520403	0.008552114
758373044	ACC	-1.4173675	6.9048777	7.1155677
758373044	MAG	-33.5625	2.5625	-52.9375
758373044	GYR	-0.028099801	-0.04642576	0.009773844
758373054	ACC	-1.3694834	6.9048777	6.981492
758373054	MAG	-33.4375	2.4375	-52.625
758373054	GYR	-0.028099801	-0.040317107	0.008552114
758373064	ACC	-1.340753	6.9144545	6.933608
758373064	MAG	-33.25	2.125	-52.5
758373064	GYR	-0.037873644	-0.03176499	0.0073303827
758373074	ACC	-1.3120226	6.895301	6.943185
758373074	MAG	-33.125	2.125	-52.625
758373074	GYR	-0.04642576	-0.021991149	0.0061086523
758373084	ACC	-1.340753	6.8761473	7.0102224
758373084	MAG	-33.25	1.5625	-52.8125
758373084	GYR	-0.05131268	-0.013439035	0.0036651914
758373094	ACC	-1.3982137	6.885724	7.029376
758373094	MAG	-33.125	1.75	-53.0625
758373094	GYR	-0.05375614	-0.015882496	0.002443461
758373104	ACC	-1.4077905	6.885724	7.0581064
758373104	MAG	-33.25	1.875	-53.3125
758373104	GYR	-0.05742133	-0.018325957	0.002443461
758373114	ACC	-1.3599066	6.8761473	7.086837
758373114	MAG	-33.5625	2.0	-53.75
758373114	GYR	-0.05742133	-0.018325957	0.0
758373124	ACC	-1.3215994	6.8665705	7.0964136
758373124	MAG	-33.5625	2.0	-54.0
758373124	GYR	-0.05742133	-0.018325957	-0.0061086523
758373134	ACC	-1.340753	6.847417	7.2209125
758373134	MAG	-33.5625	2.5625	-53.75
758373134	GYR	-0.05253441	-0.012217305	-0.012217305
758373144	ACC	-1.4173675	6.8282633	7.3071036
758373144	MAG	-33.6875	2.5625	-53.5625
758373144	GYR	-0.034208454	-0.0012217305	-0.017104227
758373154	ACC	-1.4460979	6.8569937	7.240066
758373154	MAG	-33.5625	2.8125	-53.5625
758373154	GYR	-0.012217305	0.0061086523	-0.014660765
758373164	ACC	-1.4460979	6.8569937	7.086837
758373164	MAG	-33.4375	2.6875	-53.3125
758373164	GYR	0.002443461	0.0061086523	-0.010995574
758373174	ACC	-1.4460979	6.8569937	6.991069
758373174	MAG	-33.4375	2.8125	-52.8125
758373174	GYR	0.0036651914	0.0073303827	-0.0073303827
758373184	ACC	-1.4269443	6.8665705	6.991069
758373184	MAG	-33.6875	2.8125	-53.0625
758373184	GYR	-0.0073303827	0.010995574	-0.0036651914
758373194	ACC	-1.484405	6.8569937	7.0485296
758373194	MAG	-33.8125	2.8125	-52.75
758373194	GYR	-0.019547688	0.012217305	-0.002443461
758373204	ACC	-1.4652514	6.8282633	7.07726
758373204	MAG	-34.125	2.6875	-52.25
758373204	GYR	-0.02932153	0.0073303827	-0.0012217305
758373214	ACC	-1.4173675	6.8282633	7.1059904
758373214	MAG	-33.8125	2.8125	-52.5
758373214	GYR	-0.032986723	0.0	-0.0012217305
758373224	ACC	-1.3982137	6.8186865	7.144298
758373224	MAG	-33.6875	2.9375	-52.75
758373224	GYR	-0.034208454	-0.004886922	-0.004886922
758373234	ACC	-1.436521	6.83784	7.1730285
758373234	MAG	-34.0	2.9375	-52.9375
758373234	GYR	-0.03176499	-0.0036651914	-0.012217305
758373244	ACC	-1.4748282	6.8186865	7.2209125
758373244	MAG	-33.6875	2.9375	-53.1875
758373244	GYR	-0.02565634	-0.0036651914	-0.015882496
758373254	ACC	-1.484405	6.8091097	7.2592196
758373254	MAG	-33.25	2.5625	-53.875
758373254	GYR	-0.002443461	-0.0012217305	-0.014660765
758373264	ACC	-1.484405	6.8282633	7.2113357
758373264	MAG	-33.25	2.4375	-53.75
758373264	GYR	0.009773844	-0.002443461	-0.009773844
758373274	ACC	-1.4748282	6.8282633	7.1059904
758373274	MAG	-33.6875	2.125	-53.75
758373274	GYR	0.008552114	-0.004886922	-0.0073303827
758373284	ACC	-1.4748282	6.83784	7.019799
758373284	MAG	-33.0	2.25	-53.875
758373284	GYR	0.0	-0.008552114	-0.004886922
758373294	ACC	-1.436521	6.83784	6.9719152
758373294	MAG	-33.4375	2.125	-53.5625
758373294	GYR	-0.012217305	-0.012217305	-0.002443461
758373304	ACC	-1.4556746	6.847417	7.0102224
758373304	MAG	-33.5625	2.5625	-53.75
758373304	GYR	-0.02443461	-0.018325957	0.0012217305
758373314	ACC	-1.4460979	6.847417	7.086837
758373314	MAG	-33.8125	2.6875	-53.75
758373314	GYR	-0.030543262	-0.021991149	0.002443461
758373324	ACC	-1.4173675	6.8091097	7.1634517
758373324	MAG	-33.5625	2.9375	-54.125
758373324	GYR	-0.02932153	-0.02321288	0.0036651914
758373334	ACC	-1.3599066	6.799533	7.153875
758373334	MAG	-33.8125	2.4375	-53.875
758373334	GYR	-0.021991149	-0.019547688	0.0012217305
758373344	ACC	-1.340753	6.8091097	7.1155677
758373344	MAG	-33.5625	2.6875	-53.875
758373344	GYR	-0.014660765	-0.012217305	-0.0036651914
758373354	ACC	-1.3790601	6.8091097	7.067683
758373354	MAG	-33.6875	2.6875	-53.4375
758373354	GYR	-0.010995574	-0.004886922	-0.008552114
758373364	ACC	-1.4269443	6.8186865	7.029376
758373364	MAG	-33.5625	2.25	-53.4375
758373364	GYR	-0.009773844	0.0	-0.010995574
758373374	ACC	-1.4460979	6.8186865	6.981492
758373374	MAG	-33.25	2.0	-52.625
758373374	GYR	-0.015882496	0.0	-0.0073303827
758373384	ACC	-1.4077905	6.799533	6.933608
758373384	MAG	-33.25	2.125	-52.625
758373384	GYR	-0.02565634	-0.002443461	-0.0036651914
758373394	ACC	-1.3790601	6.8186865	6.943185
758373394	MAG	-33.25	1.875	-52.75
758373394	GYR	-0.039095376	-0.0073303827	-0.0012217305
758373404	ACC	-1.436521	6.799533	7.1059904
758373404	MAG	-33.0	1.75	-53.0625
758373404	GYR	-0.05375614	-0.008552114	-0.0012217305
758373414	ACC	-1.4556746	6.8091097	7.28795
758373414	MAG	-33.125	2.125	-52.9375
758373414	GYR	-0.05497787	-0.014660765	0.0
758373424	ACC	-1.4077905	6.83784	7.3549876
758373424	MAG	-33.25	2.0	-53.4375
758373424	GYR	-0.047647487	-0.02565634	0.004886922
758373434	ACC	-1.3503298	6.8282633	7.3071036
758373434	MAG	-33.125	2.25	-53.4375
758373434	GYR	-0.030543262	-0.030543262	0.0036651914
758373444	ACC	-1.3215994	6.8186865	7.192182
758373444	MAG	-33.25	2.6875	-53.5625
758373444	GYR	-0.021991149	-0.02932153	-0.0036651914
758373454	ACC	-1.3503298	6.8282633	7.144298
758373454	MAG	-33.25	2.6875	-53.1875
758373454	GYR	-0.020769417	-0.02443461	-0.009773844
758373464	ACC	-1.388637	6.8186865	7.1155677
758373464	MAG	-33.4375	2.4375	-53.4375
758373464	GYR	-0.021991149	-0.021991149	-0.014660765
758373474	ACC	-1.3982137	6.8091097	7.038953
758373474	MAG	-33.4375	2.6875	-53.75
758373474	GYR	-0.02443461	-0.018325957	-0.015882496
758373484	ACC	-1.3982137	6.8091097	6.8665705
758373484	MAG	-33.125	2.6875	-54.0
758373484	GYR	-0.05009095	-0.02443461	-0.009773844
758373494	ACC	-1.4269443	6.7803793	6.7324953
758373494	MAG	-33.0	2.5625	-54.125
758373494	GYR	-0.081855945	-0.042760566	-0.0061086523
758373504	ACC	-1.4460979	6.7708025	6.694188
758373504	MAG	-33.25	2.5625	-54.125
758373504	GYR	-0.119729586	-0.065973446	-0.0036651914
758373514	ACC	-1.4173675	6.7803793	6.8282633
758373514	MAG	-33.25	2.8125	-54.375
758373514	GYR	-0.15393804	-0.072082095	-0.0012217305
758373524	ACC	-1.3024458	6.8091097	6.6846113
758373524	MAG	-33.25	2.8125	-53.875
758373524	GYR	-0.19181168	-0.072082095	-0.0036651914
758373534	ACC	-1.2449849	6.847417	5.93762
758373534	MAG	-33.6875	2.6875	-53.5625
758373534	GYR	-0.27855456	-0.096516706	-0.017104227
758373544	ACC	-1.3024458	6.847417	5.161899
758373544	MAG	-33.25	2.5625	-53.4375
758373544	GYR	-0.45081854	-0.16982053	-0.03176499
758373554	ACC	-1.4077905	6.799533	4.501099
758373554	MAG	-33.4375	2.8125	-53.875
758373554	GYR	-0.70005155	-0.2919936	-0.037873644
758373564	ACC	-1.5035586	6.655881	4.4340615
758373564	MAG	-33.4375	3.125	-53.5625
758373564	GYR	-0.98593646	-0.42271873	-0.037873644
758373574	ACC	-1.4460979	6.4260373	4.855441
758373574	MAG	-33.8125	3.5	-53.875
758373574	GYR	-1.2498302	-0.5351179	-0.03176499
758373584	ACC	-1.3790601	6.1770406	5.3821654
758373584	MAG	-34.0	4.0625	-54.125
758373584	GYR	-1.4514158	-0.6181956	-0.02932153
758373594	ACC	-1.2066777	5.995081	5.9567738
758373594	MAG	-34.8125	4.625	-54.5625
758373594	GYR	-1.6016886	-0.6658431	-0.030543262
758373604	ACC	-0.9768343	5.841852	6.157887
758373604	MAG	-35.0625	4.875	-54.6875
758373604	GYR	-1.7214183	-0.68294734	-0.037873644
758373614	ACC	-0.80445176	5.746084	5.7748146
758373614	MAG	-35.25	5.75	-54.8125
758373614	GYR	-1.8533652	-0.68294734	-0.05497787
758373624	ACC	-0.842759	5.449203	5.1810527
758373624	MAG	-35.5	6.8125	-54.8125
758373624	GYR	-2.0537288	-0.7574729	-0.07941248
758373634	ACC	-0.91937345	4.999093	5.00867
758373634	MAG	-36.0625	7.9375	-54.6875
758373634	GYR	-2.32984	-0.88453287	-0.09407324
758373644	ACC	-0.9959879	4.663905	5.631162
758373644	MAG	-36.3125	9.1875	-54.5625
758373644	GYR	-2.6120598	-1.0189232	-0.087964594
758373654	ACC	-0.842759	4.280833	6.5505357
758373654	MAG	-36.75	10.6875	-54.6875
758373654	GYR	-2.8160887	-1.1117747	-0.06719518
758373664	ACC	-0.9768343	4.0797195	7.4028716
758373664	MAG	-37.1875	11.5	-54.8125
758373664	GYR	-2.9260445	-1.1704178	-0.035430185
758373674	ACC	-0.5746084	3.7062242	8.303091
758373674	MAG	-37.5625	12.3125	-55.0625
758373674	GYR	-2.9626963	-1.174083	0.009773844
758373684	ACC	-0.31603462	3.4572272	8.714894
758373684	MAG	-38.125	13.4375	-55.5
758373684	GYR	-2.9443705	-1.1716396	0.043982297
758373694	ACC	-0.16280572	3.3135753	8.839393
758373694	MAG	-38.9375	14.6875	-55.625
758373694	GYR	-2.9248228	-1.1667526	0.05375614
758373704	ACC	-0.047884032	2.920926	9.605537
758373704	MAG	-39.5	15.9375	-55.5
758373704	GYR	-2.910162	-1.1753048	0.05864306
758373714	ACC	0.12449849	2.6527755	10.888829
758373714	MAG	-40.0625	17.5625	-55.5
758373714	GYR	-2.8710666	-1.1655309	0.06841691
758373724	ACC	0.40222588	2.5761611	11.9614315
758373724	MAG	-40.5	19.375	-55.1875
758373724	GYR	-2.515543	-0.9908234	0.064751714
758373734	ACC	0.5746084	2.566584	12.50731
758373734	MAG	-40.75	20.875	-54.9375
758373734	GYR	-2.2198842	-0.82833326	0.042760566
758373744	ACC	0.6799533	2.5091233	12.593501
758373744	MAG	-40.9375	22.125	-54.6875
758373744	GYR	-1.9058995	-0.657291	0.012217305
758373754	ACC	0.47884035	2.585738	12.421119
758373754	MAG	-41.1875	23.25	-54.25
758373754	GYR	-1.627345	-0.5253441	-0.0073303827
758373764	ACC	0.19153613	2.585738	12.306197
758373764	MAG	-41.875	24.0625	-54.25
758373764	GYR	-1.386664	-0.4166101	0.0012217305
758373774	ACC	0.08619126	2.6527755	12.124237
758373774	MAG	-42.4375	24.875	-54.25
758373774	GYR	-1.1765264	-0.30543262	0.02932153
758373784	ACC	0.038307227	2.6240451	11.999739
758373784	MAG	-42.875	25.4375	-53.75
758373784	GYR	-1.0005972	-0.23090705	0.05742133
758373794	ACC	0.05746084	2.528277	12.0571995
758373794	MAG	-43.4375	25.8125	-53.5625
758373794	GYR	-0.84788096	-0.19181168	0.080634214
758373804	ACC	0.1340753	2.5187001	12.028469
758373804	MAG	-43.6875	26.5	-53.875
758373804	GYR	-0.70005155	-0.17715092	0.095294975
758373814	ACC	0.36391866	2.4037786	11.674128
758373814	MAG	-43.6875	27.0625	-53.4375
758373814	GYR	-0.55833083	-0.17592919	0.09285152
758373824	ACC	0.4213795	2.3654714	11.386824
758373824	MAG	-43.6875	27.25	-53.4375
758373824	GYR	-0.43860123	-0.18325958	0.07941248
758373834	ACC	0.46926352	2.336741	11.434708
758373834	MAG	-43.5625	27.25	-53.875
758373834	GYR	-0.32375857	-0.1649336	0.061086524
758373844	ACC	0.47884035	2.3463178	11.18571
758373844	MAG	-43.4375	27.9375	-53.875
758373844	GYR	-0.19303341	-0.12217305	0.036651913
758373854	ACC	0.38307226	2.3463178	10.716447
758373854	MAG	-43.5625	27.75	-53.5625
758373854	GYR	-0.080634214	-0.08307767	0.013439035
758373864	ACC	0.35434186	2.2888567	10.342952
758373864	MAG	-43.6875	28.0625	-53.3125
758373864	GYR	-0.0012217305	-0.043982297	-0.0036651914
758373874	ACC	0.29688102	2.2697031	10.04607
758373874	MAG	-43.8125	27.9375	-53.3125
758373874	GYR	0.05742133	-0.0073303827	-0.013439035
758373884	ACC	0.23942018	2.2505496	9.883265
758373884	MAG	-44.125	28.1875	-52.625
758373884	GYR	0.10140363	0.02321288	-0.019547688
758373894	ACC	0.19153613	2.2409728	9.739613
758373894	MAG	-44.25	27.625	-52.375
758373894	GYR	0.13194689	0.04520403	-0.020769417
758373904	ACC	0.20111294	2.2601264	9.634268
758373904	MAG	-44.25	27.5	-52.625
758373904	GYR	0.15027285	0.05864306	-0.020769417
758373914	ACC	0.22984336	2.2505496	9.251195
758373914	MAG	-44.375	27.25	-53.1875
758373914	GYR	0.14905111	0.062308256	-0.02443461
758373924	ACC	0.20111294	2.2122424	8.916007
758373924	MAG	-44.25	27.0625	-52.75
758373924	GYR	0.12461651	0.04520403	-0.030543262
758373934	ACC	0.15322891	2.2218192	8.8777
758373934	MAG	-44.25	26.8125	-53.3125
758373934	GYR	0.06841691	0.014660765	-0.030543262
758373944	ACC	0.08619126	2.2601264	8.954314
758373944	MAG	-44.25	26.9375	-53.5625
758373944	GYR	0.014660765	-0.012217305	-0.02687807
758373954	ACC	0.02873042	2.2218192	9.241618
758373954	MAG	-44.375	27.0625	-53.3125
758373954	GYR	-0.05497787	-0.04642576	-0.014660765
758373964	ACC	0.05746084	2.2409728	9.509769
758373964	MAG	-44.5	27.0625	-53.0625
758373964	GYR	-0.05375614	-0.047647487	-0.008552114
758373974	ACC	0.08619126	2.2409728	9.749189
758373974	MAG	-44.5	26.9375	-53.4375
758373974	GYR	-0.034208454	-0.036651913	-0.0012217305
758373984	ACC	0.1340753	2.2409728	9.950302
758373984	MAG	-44.8125	27.0625	-53.4375
758373984	GYR	0.0	-0.017104227	0.002443461
758373994	ACC	0.17238252	2.2409728	10.208876
758373994	MAG	-44.8125	27.0625	-53.3125
758373994	GYR	0.05864306	0.017104227	0.0012217305
758374004	ACC	0.19153613	2.2697031	10.5440645
758374004	MAG	-44.8125	26.8125	-53.4375
758374004	GYR	0.15027285	0.065973446	0.0012217305
758374014	ACC	0.22984336	2.327164	10.850522
758374014	MAG	-44.375	26.9375	-53.5625
758374014	GYR	0.2724459	0.12705997	0.002443461
758374024	ACC	0.21068975	2.4037786	11.089942
758374024	MAG	-44.5	27.375	-53.3125
758374024	GYR	0.41538835	0.2003638	0.002443461
758374034	ACC	0.19153613	2.4708161	11.33894
758374034	MAG	-44.25	27.1875	-53.1875
758374034	GYR	0.5693264	0.28099802	0.008552114
758374044	ACC	0.18195933	2.5474305	11.501745
758374044	MAG	-44.125	27.1875	-53.4375
758374044	GYR	0.7305948	0.3652974	0.013439035
758374054	ACC	0.16280572	2.6240451	11.760319
758374054	MAG	-43.9375	27.1875	-53.1875
758374054	GYR	0.89552844	0.44348815	0.017104227
758374064	ACC	0.05746084	2.719813	12.028469
758374064	MAG	-43.9375	26.375	-53.1875
758374064	GYR	1.0726794	0.5204572	0.02565634
758374074	ACC	0.0	2.8443117	12.095507
758374074	MAG	-43.8125	25.8125	-53.3125
758374074	GYR	1.2632693	0.57176983	0.037873644
758374084	ACC	0.009576807	2.920926	11.674128
758374084	MAG	-43.25	25.4375	-53.1875
758374084	GYR	1.4477506	0.58276546	0.05497787
758374094	ACC	0.08619126	2.9879637	10.984597
758374094	MAG	-43.125	24.4375	-53.1875
758374094	GYR	1.5919148	0.5681047	0.064751714
758374104	ACC	0.076614454	3.1124623	10.237606
758374104	MAG	-42.5625	23.75	-53.75
758374104	GYR	1.672549	0.55588734	0.06352998
758374114	ACC	0.16280572	3.265691	9.576807
758374114	MAG	-42.1875	23.25	-53.75
758374114	GYR	1.6933185	0.54000485	0.05375614
758374124	ACC	0.08619126	3.41892	9.203311
758374124	MAG	-41.625	22.5625	-54.0
758374124	GYR	1.6627752	0.5204572	0.030543262
758374134	ACC	-0.16280572	3.5625722	9.136273
758374134	MAG	-41.4375	21.5625	-54.125
758374134	GYR	1.6065756	0.5180137	0.004886922
758374144	ACC	-0.31603462	3.6583402	8.925584
758374144	MAG	-41.0625	20.875	-54.375
758374144	GYR	1.563815	0.52290064	-0.004886922
758374154	ACC	-0.30645782	3.7349546	8.734048
758374154	MAG	-40.9375	20.3125	-54.6875
758374154	GYR	1.5296066	0.5094616	0.0
758374164	ACC	-0.35434186	3.821146	8.772355
758374164	MAG	-40.9375	19.625	-55.1875
758374164	GYR	1.4880677	0.48380527	0.0012217305
758374174	ACC	-0.4213795	3.9552212	8.66701
758374174	MAG	-40.5	18.6875	-55.1875
758374174	GYR	1.4563028	0.46303585	0.0036651914
758374184	ACC	-0.45010993	4.0701427	8.437167
758374184	MAG	-40.1875	18.125	-55.625
758374184	GYR	1.4074335	0.4166101	0.009773844
758374194	ACC	-0.41180268	4.185065	8.111555
758374194	MAG	-39.8125	17.1875	-55.375
758374194	GYR	1.354899	0.39828414	0.012217305
758374204	ACC	-0.38307226	4.261679	7.747637
758374204	MAG	-39.8125	16.3125	-55.1875
758374204	GYR	1.2754866	0.37873644	0.0073303827
758374214	ACC	-0.34476504	4.367024	7.345411
758374214	MAG	-39.375	15.5	-54.9375
758374214	GYR	1.1679744	0.35796702	-0.0061086523
758374224	ACC	-0.36391866	4.5298295	7.019799
758374224	MAG	-39.5	14.9375	-55.375
758374224	GYR	1.0384709	0.33231068	-0.02321288
758374234	ACC	-0.47884035	4.6351743	7.019799
758374234	MAG	-38.9375	14.375	-55.375
758374234	GYR	0.89797187	0.3042109	-0.035430185
758374244	ACC	-0.641646	4.7788267	7.153875
758374244	MAG	-38.6875	14.125	-55.75
758374244	GYR	0.7648033	0.2761111	-0.036651913
758374254	ACC	-0.7469909	4.8841715	7.374141
758374254	MAG	-38.4375	13.5625	-55.5
758374254	GYR	0.65118235	0.24190263	-0.032986723
758374264	ACC	-0.79487497	4.9703627	7.603985
758374264	MAG	-38.125	13.4375	-55.625
758374264	GYR	0.55588734	0.204029	-0.021991149
758374274	ACC	-0.78529817	5.0278234	7.8529816
758374274	MAG	-37.5625	13.0	-55.375
758374274	GYR	0.48258352	0.1685988	-0.009773844
758374284	ACC	-0.7661445	5.094861	8.073248
758374284	MAG	-37.875	12.75	-55.375
758374284	GYR	0.43127087	0.15149458	0.0
758374294	ACC	-0.78529817	5.142745	8.1881695
758374294	MAG	-37.6875	12.75	-55.1875
758374294	GYR	0.4007276	0.14660765	0.0036651914
758374304	ACC	-0.7182605	5.2002063	8.130709
758374304	MAG	-37.5625	12.875	-55.75
758374304	GYR	0.37629297	0.13439035	0.0073303827
758374314	ACC	-0.6991069	5.21936	8.015787
758374314	MAG	-38.0	12.625	-55.375
758374314	GYR	0.34697145	0.12217305	0.0036651914
758374324	ACC	-0.8331822	5.2480903	8.0445175
758374324	MAG	-38.25	12.5	-55.375
758374324	GYR	0.31398472	0.118507855	-0.0036651914
758374334	ACC	-0.7757214	5.3247046	8.054094
758374334	MAG	-38.4375	12.5	-55.375
758374334	GYR	0.28344148	0.11606439	-0.0036651914
758374344	ACC	-0.7469909	5.3342814	8.063671
758374344	MAG	-38.4375	11.9375	-55.625
758374344	GYR	0.25534168	0.10873401	-0.002443461
758374354	ACC	-0.79487497	5.363012	8.082825
758374354	MAG	-38.4375	11.375	-55.375
758374354	GYR	0.2284636	0.09285152	-0.0073303827
758374364	ACC	-0.82360536	5.3821654	8.1402855
758374364	MAG	-38.0	11.5	-55.625
758374364	GYR	0.2003638	0.07696902	-0.010995574
758374374	ACC	-0.8810662	5.4204726	8.169016
758374374	MAG	-37.875	11.625	-55.625
758374374	GYR	0.17104226	0.06963864	-0.010995574
758374384	ACC	-0.8714894	5.4300494	8.1402855
758374384	MAG	-37.6875	11.25	-55.625
758374384	GYR	0.13805555	0.04642576	-0.0073303827
758374394	ACC	-0.7565677	5.391742	8.034941
758374394	MAG	-38.125	11.5	-55.0625
758374394	GYR	0.10140363	0.019547688	-0.002443461
758374404	ACC	-0.7374141	5.3821654	8.073248
758374404	MAG	-38.125	11.9375	-55.5
758374404	GYR	0.05864306	0.0073303827	0.0
758374414	ACC	-0.7278373	5.3342814	8.207323
758374414	MAG	-38.4375	11.8125	-55.75
758374414	GYR	0.021991149	-0.0061086523	-0.0036651914
758374424	ACC	-0.842759	5.315128	8.418014
758374424	MAG	-38.8125	11.8125	-55.375
758374424	GYR	0.002443461	-0.0012217305	-0.010995574
758374434	ACC	-0.7661445	5.315128	8.408437
758374434	MAG	-38.8125	11.9375	-55.5
758374434	GYR	0.012217305	-0.0073303827	-0.008552114
758374444	ACC	-0.6895301	5.267244	8.236053
758374444	MAG	-38.6875	11.9375	-55.75
758374444	GYR	0.017104227	0.0	-0.012217305
758374454	ACC	-0.7182605	5.257667	8.1402855
758374454	MAG	-38.4375	11.375	-55.5
758374454	GYR	0.010995574	0.012217305	-0.017104227
758374464	ACC	-0.8523358	5.2768207	8.274361
758374464	MAG	-38.25	11.375	-55.375
758374464	GYR	0.0036651914	0.019547688	-0.017104227
758374474	ACC	-0.842759	5.305551	8.418014
758374474	MAG	-37.875	11.25	-55.75
758374474	GYR	0.0061086523	0.02443461	-0.0036651914
758374484	ACC	-0.7278373	5.2768207	8.446744
758374484	MAG	-37.875	11.375	-55.75
758374484	GYR	0.019547688	0.036651913	0.0036651914
758374494	ACC	-0.6703765	5.267244	8.437167
758374494	MAG	-38.0	11.375	-55.375
758374494	GYR	0.036651913	0.05497787	0.002443461
758374504	ACC	-0.7374141	5.315128	8.37013
758374504	MAG	-38.25	11.5	-55.0625
758374504	GYR	0.05375614	0.07086037	0.0
758374514	ACC	-0.8810662	5.4779334	8.418014
758374514	MAG	-37.875	11.25	-54.6875
758374514	GYR	0.06719518	0.09040806	0.002443461
758374524	ACC	-0.9864111	5.602432	8.350976
758374524	MAG	-37.875	11.125	-54.25
758374524	GYR	0.09040806	0.12583824	0.009773844
758374534	ACC	-0.90979666	5.506664	8.24563
758374534	MAG	-37.875	11.125	-54.375
758374534	GYR	0.09040806	0.12950343	0.021991149
758374544	ACC	-0.8331822	5.439626	8.178593
758374544	MAG	-37.1875	10.9375	-54.8125
758374544	GYR	0.080634214	0.118507855	0.02565634
758374554	ACC	-0.7757214	5.4779334	8.178593
758374554	MAG	-37.0	10.9375	-54.9375
758374554	GYR	0.065973446	0.10629055	0.020769417
758374564	ACC	-0.8331822	5.592855	8.111555
758374564	MAG	-37.1875	11.125	-55.375
758374564	GYR	0.05009095	0.1001819	0.014660765
758374574	ACC	-0.82360536	5.583278	7.97748
758374574	MAG	-37.1875	10.8125	-55.75
758374574	GYR	0.032986723	0.11362094	0.012217305
758374584	ACC	-0.9576807	5.497087	7.8050976
758374584	MAG	-37.1875	10.5625	-55.5
758374584	GYR	0.0061086523	0.13072516	0.013439035
758374594	ACC	-0.92895025	5.353435	8.025364
758374594	MAG	-37.4375	10.25	-55.875
758374594	GYR	-0.05131268	0.10873401	0.020769417
758374604	ACC	-0.62249243	5.0661306	8.590396
758374604	MAG	-37.3125	10.375	-56.0
758374604	GYR	-0.1282817	0.021991149	0.030543262
758374614	ACC	-0.33518824	5.0182467	9.232041
758374614	MAG	-37.1875	10.25	-56.0
758374614	GYR	-0.17592919	-0.11484266	0.018325957
758374624	ACC	-0.50757074	5.3342814	9.394848
758374624	MAG	-36.875	11.25	-56.3125
758374624	GYR	-0.14782938	-0.19425514	-0.020769417
758374634	ACC	-1.0821792	5.631162	9.088389
758374634	MAG	-36.75	11.375	-56.6875
758374634	GYR	-0.04520403	-0.1282817	-0.056199603
758374644	ACC	-1.3503298	5.5641246	8.456321
758374644	MAG	-37.0	11.625	-56.4375
758374644	GYR	0.06963864	-0.018325957	-0.05009095
758374654	ACC	-1.0151415	5.449203	7.9104424
758374654	MAG	-36.875	11.5	-56.3125
758374654	GYR	0.08307767	0.0	0.03176499
758374664	ACC	-0.6512229	5.315128	8.0445175
758374664	MAG	-37.0	11.375	-56.125
758374664	GYR	0.02565634	-0.014660765	0.036651913
758374674	ACC	-0.5650316	5.3342814	8.42759
758374674	MAG	-37.4375	10.375	-56.0
758374674	GYR	0.0036651914	-0.014660765	0.019547688
758374684	ACC	-0.6607997	5.363012	8.571242
758374684	MAG	-37.5625	10.25	-55.75
758374684	GYR	0.010995574	-0.004886922	-0.002443461
758374694	ACC	-0.8523358	5.363012	8.456321
758374694	MAG	-37.1875	10.6875	-55.625
758374694	GYR	0.02443461	-0.009773844	-0.013439035
758374704	ACC	-0.93852705	5.3725886	8.322245
758374704	MAG	-37.1875	10.9375	-55.375
758374704	GYR	0.02932153	-0.02321288	-0.010995574
758374714	ACC	-0.93852705	5.3725886	8.293514
758374714	MAG	-37.3125	11.125	-55.1875
758374714	GYR	0.03176499	-0.02932153	-0.004886922
758374724	ACC	-0.8331822	5.3725886	8.255207
758374724	MAG	-37.4375	11.5	-54.9375
758374724	GYR	0.040317107	-0.021991149	-0.0073303827
758374734	ACC	-0.80445176	5.363012	8.226477
758374734	MAG	-37.3125	11.5	-55.0625
758374734	GYR	0.04520403	-0.012217305	-0.013439035
758374744	ACC	-0.82360536	5.353435	8.101978
758374744	MAG	-37.4375	11.5	-54.9375
758374744	GYR	0.042760566	-0.004886922	-0.020769417
758374754	ACC	-0.8810662	5.363012	8.054094
758374754	MAG	-37.875	10.9375	-55.0625
758374754	GYR	0.02565634	-0.0061086523	-0.02443461
758374764	ACC	-0.9672575	5.391742	8.130709
758374764	MAG	-37.6875	11.25	-55.375
758374764	GYR	0.0073303827	-0.012217305	-0.021991149
758374774	ACC	-0.93852705	5.410896	8.2169
758374774	MAG	-37.3125	10.8125	-55.5
758374774	GYR	-0.0061086523	-0.015882496	-0.014660765
758374784	ACC	-0.82360536	5.4204726	8.1881695
758374784	MAG	-37.3125	10.9375	-55.375
758374784	GYR	-0.014660765	-0.018325957	-0.0073303827
758374794	ACC	-0.81402856	5.391742	8.2169
758374794	MAG	-37.1875	10.25	-55.625
758374794	GYR	-0.019547688	-0.013439035	-0.0073303827
758374804	ACC	-0.8523358	5.4204726	8.341399
758374804	MAG	-37.0	10.6875	-56.0
758374804	GYR	-0.028099801	-0.0036651914	-0.008552114
758374814	ACC	-0.90021986	5.45878	8.494628
758374814	MAG	-37.0	10.5625	-55.875
758374814	GYR	-0.02687807	0.0012217305	-0.004886922
758374824	ACC	-0.82360536	5.449203	8.504205
758374824	MAG	-37.1875	10.8125	-56.0
758374824	GYR	-0.017104227	0.0012217305	0.0036651914
758374834	ACC	-0.79487497	5.4300494	8.437167
758374834	MAG	-37.0	10.8125	-55.875
758374834	GYR	-0.0061086523	0.0	0.002443461
758374844	ACC	-0.81402856	5.4300494	8.37013
758374844	MAG	-37.0	10.8125	-55.75
758374844	GYR	0.0036651914	0.004886922	-0.0012217305
758374854	ACC	-0.8523358	5.439626	8.408437
758374854	MAG	-37.0	10.6875	-55.375
758374854	GYR	0.0036651914	0.008552114	-0.002443461
758374864	ACC	-0.90979666	5.439626	8.542512
758374864	MAG	-37.3125	10.5625	-55.625
758374864	GYR	0.002443461	0.010995574	-0.002443461
758374874	ACC	-0.90021986	5.449203	8.542512
758374874	MAG	-37.3125	10.8125	-55.375
758374874	GYR	0.0073303827	0.0061086523	-0.0012217305
758374884	ACC	-0.81402856	5.410896	8.418014
758374884	MAG	-37.3125	10.8125	-55.5
758374884	GYR	0.020769417	-0.0061086523	0.0036651914
758374894	ACC	-0.82360536	5.401319	8.283937
758374894	MAG	-37.3125	11.5	-55.625
758374894	GYR	0.02932153	-0.0073303827	-0.0036651914
758374904	ACC	-0.8523358	5.391742	8.207323
758374904	MAG	-37.1875	11.9375	-55.625
758374904	GYR	0.019547688	-0.010995574	-0.004886922
758374914	ACC	-0.8619126	5.4204726	8.130709
758374914	MAG	-36.875	12.1875	-55.1875
758374914	GYR	0.0036651914	-0.010995574	-0.0036651914
758374924	ACC	-0.8619126	5.439626	8.178593
758374924	MAG	-36.75	12.0625	-55.5
758374924	GYR	-0.013439035	-0.015882496	0.0
758374934	ACC	-0.8619126	5.410896	8.341399
758374934	MAG	-36.75	12.0625	-55.375
758374934	GYR	-0.019547688	-0.014660765	0.0061086523
758374944	ACC	-0.7278373	5.391742	8.418014
758374944	MAG	-36.75	11.9375	-55.375
758374944	GYR	-0.0061086523	-0.017104227	0.008552114
758374954	ACC	-0.6703765	5.3821654	8.360553
758374954	MAG	-36.875	11.8125	-55.0625
758374954	GYR	0.010995574	-0.019547688	0.0
758374964	ACC	-0.6991069	5.363012	8.312668
758374964	MAG	-36.875	11.375	-54.8125
758374964	GYR	0.014660765	-0.013439035	-0.008552114
758374974	ACC	-0.7565677	5.391742	8.24563
758374974	MAG	-37.0	11.375	-54.375
758374974	GYR	0.014660765	-0.0036651914	-0.013439035
758374984	ACC	-0.80445176	5.4204726	8.226477
758374984	MAG	-37.3125	11.125	-54.375
758374984	GYR	0.004886922	-0.0061086523	-0.010995574
758374994	ACC	-0.8523358	5.4300494	8.255207
758374994	MAG	-37.1875	10.9375	-54.0
758374994	GYR	-0.013439035	-0.017104227	-0.0061086523
758375004	ACC	-0.82360536	5.4300494	8.331821
758375004	MAG	-37.1875	10.9375	-54.375
758375004	GYR	-0.02687807	-0.02565634	-0.002443461
758375014	ACC	-0.7757214	5.4204726	8.360553
758375014	MAG	-37.1875	11.125	-54.5625
758375014	GYR	-0.035430185	-0.032986723	-0.002443461
758375024	ACC	-0.6799533	5.391742	8.389283
758375024	MAG	-37.0	10.5625	-55.0625
758375024	GYR	-0.035430185	-0.028099801	-0.0061086523
758375034	ACC	-0.7182605	5.391742	8.37013
758375034	MAG	-37.1875	10.6875	-54.9375
758375034	GYR	-0.028099801	-0.017104227	-0.015882496
758375044	ACC	-0.8619126	5.4204726	8.475474
758375044	MAG	-37.4375	10.8125	-55.0625
758375044	GYR	-0.020769417	-0.0073303827	-0.02443461
758375054	ACC	-0.9576807	5.449203	8.523358
758375054	MAG	-37.4375	10.8125	-54.9375
758375054	GYR	-0.0061086523	0.0	-0.021991149
758375064	ACC	-0.89064306	5.4300494	8.456321
758375064	MAG	-37.5625	10.9375	-55.1875
758375064	GYR	0.009773844	-0.0036651914	-0.010995574
758375074	ACC	-0.80445176	5.4204726	8.341399
758375074	MAG	-37.5625	11.375	-54.9375
758375074	GYR	0.02443461	-0.012217305	-0.0036651914
758375084	ACC	-0.79487497	5.4300494	8.283937
758375084	MAG	-37.5625	11.375	-55.0625
758375084	GYR	0.02687807	-0.008552114	-0.0012217305
758375094	ACC	-0.842759	5.4300494	8.303091
758375094	MAG	-37.5625	11.375	-55.1875
758375094	GYR	0.021991149	-0.0012217305	-0.0036651914
758375104	ACC	-0.8810662	5.48751	8.360553
758375104	MAG	-37.875	11.125	-55.1875
758375104	GYR	0.015882496	-0.004886922	-0.004886922
758375114	ACC	-0.81402856	5.4683566	8.303091
758375114	MAG	-37.6875	10.8125	-55.625
758375114	GYR	0.012217305	-0.017104227	0.0
758375124	ACC	-0.7661445	5.449203	8.303091
758375124	MAG	-38.0	11.125	-55.625
758375124	GYR	0.0073303827	-0.02443461	-0.0036651914
758375134	ACC	-0.7661445	5.410896	8.312668
758375134	MAG	-37.5625	11.125	-56.0
758375134	GYR	0.0073303827	-0.020769417	-0.010995574
758375144	ACC	-0.79487497	5.410896	8.274361
758375144	MAG	-37.6875	11.25	-56.1875
758375144	GYR	0.002443461	-0.019547688	-0.014660765
758375154	ACC	-0.78529817	5.410896	8.283937
758375154	MAG	-37.4375	11.625	-56.1875
758375154	GYR	-0.0012217305	-0.018325957	-0.015882496
758375164	ACC	-0.78529817	5.3821654	8.303091
758375164	MAG	-37.5625	11.8125	-55.5
758375164	GYR	-0.0012217305	-0.010995574	-0.017104227
758375174	ACC	-0.82360536	5.3438582	8.39886
758375174	MAG	-37.5625	11.8125	-55.375
758375174	GYR	0.0073303827	-0.0012217305	-0.017104227
758375184	ACC	-0.89064306	5.3438582	8.408437
758375184	MAG	-38.125	11.9375	-54.8125
758375184	GYR	0.018325957	-0.0036651914	-0.010995574
758375194	ACC	-0.842759	5.391742	8.283937
758375194	MAG	-38.4375	11.625	-55.0625
758375194	GYR	0.02565634	-0.013439035	-0.0036651914
758375204	ACC	-0.79487497	5.391742	8.1881695
758375204	MAG	-38.4375	11.125	-54.8125
758375204	GYR	0.020769417	-0.015882496	0.0012217305
758375214	ACC	-0.78529817	5.4204726	8.1881695
758375214	MAG	-38.25	10.9375	-55.0625
758375214	GYR	0.008552114	-0.013439035	0.002443461
758375224	ACC	-0.78529817	5.401319	8.293514
758375224	MAG	-38.0	10.5625	-55.0625
758375224	GYR	-0.0073303827	-0.008552114	0.0036651914
758375234	ACC	-0.79487497	5.391742	8.341399
758375234	MAG	-37.6875	10.375	-55.5
758375234	GYR	-0.010995574	-0.008552114	0.002443461
758375244	ACC	-0.78529817	5.4300494	8.322245
758375244	MAG	-37.1875	10.375	-54.8125
758375244	GYR	-0.008552114	-0.009773844	0.0
758375254	ACC	-0.7757214	5.4300494	8.322245
758375254	MAG	-36.875	10.5625	-55.0625
758375254	GYR	-0.0061086523	-0.009773844	-0.0012217305
758375264	ACC	-0.7469909	5.439626	8.264784
758375264	MAG	-36.875	10.8125	-54.9375
758375264	GYR	-0.008552114	-0.008552114	-0.0036651914
758375274	ACC	-0.7182605	5.410896	8.264784
758375274	MAG	-37.3125	10.9375	-54.9375
758375274	GYR	-0.013439035	-0.0012217305	-0.0061086523
758375284	ACC	-0.7661445	5.410896	8.389283
758375284	MAG	-37.1875	11.375	-54.6875
758375284	GYR	-0.013439035	0.012217305	-0.009773844
758375294	ACC	-0.8619126	5.449203	8.418014
758375294	MAG	-37.4375	11.375	-54.5625
758375294	GYR	-0.0061086523	0.018325957	-0.010995574
758375304	ACC	-0.91937345	5.449203	8.379706
758375304	MAG	-37.5625	11.125	-54.375
758375304	GYR	0.0	0.0036651914	-0.008552114
758375314	ACC	-0.80445176	5.4204726	8.274361
758375314	MAG	-37.4375	10.9375	-54.375
758375314	GYR	-0.0036651914	-0.013439035	-0.0012217305
758375324	ACC	-0.7469909	5.439626	8.293514
758375324	MAG	-37.1875	11.125	-54.375
758375324	GYR	-0.010995574	-0.017104227	0.0012217305
758375334	ACC	-0.7661445	5.4204726	8.475474
758375334	MAG	-37.0	10.6875	-54.8125
758375334	GYR	-0.015882496	-0.010995574	-0.002443461
758375344	ACC	-0.78529817	5.410896	8.561666
758375344	MAG	-37.4375	10.5625	-55.0625
758375344	GYR	-0.008552114	0.0036651914	-0.0061086523
758375354	ACC	-0.7757214	5.410896	8.437167
758375354	MAG	-37.4375	11.125	-55.75
758375354	GYR	0.010995574	0.0073303827	-0.0073303827
758375364	ACC	-0.8331822	5.4204726	8.255207
758375364	MAG	-37.6875	11.25	-55.875
758375364	GYR	0.02687807	-0.0012217305	-0.002443461
758375374	ACC	-0.842759	5.4204726	8.159439
758375374	MAG	-38.125	11.125	-55.875
758375374	GYR	0.010995574	-0.004886922	0.004886922
758375384	ACC	-0.78529817	5.45878	8.24563
758375384	MAG	-38.125	11.125	-55.625
758375384	GYR	-0.0061086523	-0.004886922	0.008552114
758375394	ACC	-0.7565677	5.439626	8.408437
758375394	MAG	-37.3125	11.5	-55.875
758375394	GYR	-0.013439035	-0.002443461	0.0073303827
758375404	ACC	-0.7469909	5.410896	8.437167
758375404	MAG	-37.1875	11.25	-55.875
758375404	GYR	-0.008552114	-0.004886922	0.0036651914
758375414	ACC	-0.7086837	5.3821654	8.39886
758375414	MAG	-37.3125	11.125	-55.75
758375414	GYR	0.0036651914	-0.0073303827	-0.002443461
758375424	ACC	-0.7086837	5.401319	8.312668
758375424	MAG	-36.875	11.375	-55.875
758375424	GYR	0.010995574	-0.0061086523	-0.008552114
758375434	ACC	-0.7182605	5.4300494	8.24563
758375434	MAG	-37.1875	11.5	-55.625
758375434	GYR	0.013439035	0.0012217305	-0.012217305
758375444	ACC	-0.7757214	5.439626	8.178593
758375444	MAG	-37.5625	11.5	-55.375
758375444	GYR	0.004886922	0.004886922	-0.013439035
758375454	ACC	-0.89064306	5.4204726	8.197746
758375454	MAG	-37.6875	11.375	-54.9375
758375454	GYR	-0.014660765	-0.002443461	-0.009773844
758375464	ACC	-0.8714894	5.4204726	8.303091
758375464	MAG	-37.6875	11.625	-54.5625
758375464	GYR	-0.032986723	-0.017104227	-0.002443461
758375474	ACC	-0.7469909	5.410896	8.389283
758375474	MAG	-37.6875	11.625	-54.25
758375474	GYR	-0.039095376	-0.021991149	0.002443461
758375484	ACC	-0.7086837	5.3821654	8.418014
758375484	MAG	-38.0	11.9375	-54.25
758375484	GYR	-0.02932153	-0.017104227	-0.0012217305
758375494	ACC	-0.7565677	5.3725886	8.360553
758375494	MAG	-37.875	11.9375	-54.25
758375494	GYR	-0.017104227	-0.0073303827	-0.010995574
758375504	ACC	-0.82360536	5.410896	8.293514
758375504	MAG	-37.875	12.0625	-54.25
758375504	GYR	-0.012217305	-0.0012217305	-0.013439035
758375514	ACC	-0.89064306	5.410896	8.350976
758375514	MAG	-37.3125	11.9375	-54.8125
758375514	GYR	-0.014660765	0.0012217305	-0.012217305
758375524	ACC	-0.90979666	5.4204726	8.408437
758375524	MAG	-37.5625	11.8125	-54.9375
758375524	GYR	-0.013439035	0.002443461	-0.004886922
758375534	ACC	-0.8619126	5.4204726	8.475474
758375534	MAG	-37.3125	11.25	-55.1875
758375534	GYR	-0.012217305	-0.004886922	0.002443461
758375544	ACC	-0.78529817	5.3821654	8.42759
758375544	MAG	-37.1875	10.9375	-54.9375
758375544	GYR	-0.0061086523	-0.004886922	0.004886922
758375554	ACC	-0.78529817	5.401319	8.379706
758375554	MAG	-37.3125	11.25	-54.6875
758375554	GYR	0.002443461	-0.002443461	0.002443461
758375564	ACC	-0.79487497	5.410896	8.341399
758375564	MAG	-37.6875	11.25	-54.5625
758375564	GYR	0.0061086523	-0.002443461	-0.0012217305
758375574	ACC	-0.80445176	5.410896	8.312668
758375574	MAG	-37.5625	11.125	-54.5625
758375574	GYR	0.004886922	0.0	-0.0036651914
758375584	ACC	-0.80445176	5.4300494	8.24563
758375584	MAG	-37.3125	11.25	-54.5625
758375584	GYR	0.0061086523	0.0012217305	-0.0036651914
758375594	ACC	-0.82360536	5.4204726	8.226477
758375594	MAG	-37.5625	11.125	-54.8125
758375594	GYR	-0.0073303827	-0.002443461	0.0036651914
758375604	ACC	-0.80445176	5.4204726	8.331821
758375604	MAG	-37.4375	11.125	-55.1875
758375604	GYR	-0.013439035	-0.002443461	0.0061086523
758375614	ACC	-0.78529817	5.4300494	8.360553
758375614	MAG	-37.0	11.25	-55.1875
758375614	GYR	-0.013439035	-0.004886922	0.004886922
758375624	ACC	-0.7086837	5.410896	8.39886
758375624	MAG	-36.625	11.375	-55.5
758375624	GYR	-0.0073303827	0.0	0.0012217305
758375634	ACC	-0.7374141	5.401319	8.408437
758375634	MAG	-36.875	11.5	-55.375
758375634	GYR	-0.0012217305	0.002443461	-0.004886922
758375644	ACC	-0.81402856	5.401319	8.37013
758375644	MAG	-36.75	11.625	-55.375
758375644	GYR	0.0061086523	0.002443461	-0.008552114
758375654	ACC	-0.82360536	5.401319	8.24563
758375654	MAG	-37.0	11.25	-54.9375
758375654	GYR	0.004886922	-0.0061086523	-0.0061086523
758375664	ACC	-0.80445176	5.4204726	8.2169
758375664	MAG	-37.4375	10.9375	-55.1875
758375664	GYR	-0.0036651914	-0.0073303827	-0.002443461
758375674	ACC	-0.78529817	5.3821654	8.226477
758375674	MAG	-37.875	11.25	-54.9375
758375674	GYR	-0.013439035	-0.004886922	0.0
758375684	ACC	-0.7469909	5.3821654	8.226477
758375684	MAG	-37.6875	11.125	-54.9375
758375684	GYR	-0.020769417	-0.0036651914	-0.0012217305
758375694	ACC	-0.7757214	5.401319	8.293514
758375694	MAG	-37.875	11.375	-54.8125
758375694	GYR	-0.02565634	-0.004886922	-0.0012217305
758375704	ACC	-0.7661445	5.4300494	8.341399
758375704	MAG	-37.5625	11.8125	-54.9375
758375704	GYR	-0.02687807	-0.0036651914	0.0
758375714	ACC	-0.7565677	5.439626	8.379706
758375714	MAG	-37.6875	11.9375	-54.6875
758375714	GYR	-0.02932153	-0.004886922	0.0
758375724	ACC	-0.7565677	5.401319	8.42759
758375724	MAG	-37.5625	11.375	-54.5625
758375724	GYR	-0.02932153	-0.0036651914	0.0
758375734	ACC	-0.7278373	5.401319	8.504205
758375734	MAG	-37.6875	11.375	-54.5625
758375734	GYR	-0.02443461	-0.0012217305	-0.0036651914
758375744	ACC	-0.7374141	5.4300494	8.523358
758375744	MAG	-37.4375	11.125	-54.5625
758375744	GYR	-0.012217305	-0.0012217305	-0.004886922
758375754	ACC	-0.7565677	5.410896	8.513782
758375754	MAG	-37.5625	10.9375	-54.375
758375754	GYR	0.0036651914	-0.0012217305	-0.004886922
758375764	ACC	-0.7757214	5.401319	8.456321
758375764	MAG	-37.5625	11.125	-54.375
758375764	GYR	0.018325957	0.004886922	-0.0061086523
758375774	ACC	-0.7757214	5.401319	8.389283
758375774	MAG	-37.6875	11.25	-54.25
758375774	GYR	0.02443461	0.004886922	-0.0061086523
758375784	ACC	-0.7565677	5.401319	8.331821
758375784	MAG	-37.5625	11.25	-54.125
758375784	GYR	0.02687807	0.0073303827	-0.0061086523
758375794	ACC	-0.7757214	5.3821654	8.255207
758375794	MAG	-37.875	10.9375	-54.375
758375794	GYR	0.02565634	0.013439035	-0.0073303827
758375804	ACC	-0.82360536	5.3821654	8.2169
758375804	MAG	-37.5625	10.9375	-54.5625
758375804	GYR	0.019547688	0.013439035	-0.010995574
758375814	ACC	-0.81402856	5.3725886	8.169016
758375814	MAG	-37.1875	10.6875	-54.8125
758375814	GYR	0.008552114	0.008552114	-0.009773844
758375824	ACC	-0.82360536	5.391742	8.207323
758375824	MAG	-37.0	10.5625	-55.0625
758375824	GYR	-0.010995574	-0.0012217305	-0.0061086523
758375834	ACC	-0.82360536	5.401319	8.303091
758375834	MAG	-37.1875	10.5625	-55.1875
758375834	GYR	-0.014660765	0.0	-0.0036651914
758375844	ACC	-0.80445176	5.3821654	8.312668
758375844	MAG	-36.75	10.9375	-54.8125
758375844	GYR	-0.014660765	0.0036651914	-0.0036651914
758375854	ACC	-0.79487497	5.391742	8.293514
758375854	MAG	-37.3125	10.9375	-54.8125
758375854	GYR	-0.012217305	0.0061086523	-0.0061086523
758375864	ACC	-0.80445176	5.401319	8.341399
758375864	MAG	-37.4375	11.125	-54.6875
758375864	GYR	-0.009773844	0.008552114	-0.0073303827
758375874	ACC	-0.8331822	5.4204726	8.322245
758375874	MAG	-37.875	11.375	-54.9375
758375874	GYR	-0.012217305	0.0036651914	-0.0061086523
758375884	ACC	-0.8619126	5.4204726	8.389283
758375884	MAG	-37.6875	11.5	-55.0625
758375884	GYR	-0.013439035	-0.004886922	-0.004886922
758375894	ACC	-0.8714894	5.410896	8.446744
758375894	MAG	-37.875	11.375	-55.625
758375894	GYR	-0.014660765	-0.014660765	-0.0012217305
758375904	ACC	-0.8331822	5.439626	8.456321
758375904	MAG	-37.5625	11.125	-55.5
758375904	GYR	-0.012217305	-0.02565634	0.0
758375914	ACC	-0.7757214	5.410896	8.446744
758375914	MAG	-37.6875	10.9375	-55.375
758375914	GYR	-0.008552114	-0.037873644	-0.0012217305
758375924	ACC	-0.81402856	5.401319	8.408437
758375924	MAG	-37.3125	10.8125	-55.0625
758375924	GYR	-0.008552114	-0.05375614	-0.0012217305
758375934	ACC	-0.94810385	5.4300494	8.39886
758375934	MAG	-37.5625	11.125	-55.1875
758375934	GYR	-0.017104227	-0.07574729	0.0012217305
758375944	ACC	-1.0151415	5.45878	8.418014
758375944	MAG	-38.0	11.375	-54.9375
758375944	GYR	-0.034208454	-0.118507855	0.009773844
758375954	ACC	-0.90021986	5.449203	8.485051
758375954	MAG	-38.125	11.625	-55.0625
758375954	GYR	-0.05131268	-0.16126843	0.019547688
758375964	ACC	-0.7469909	5.401319	8.532935
758375964	MAG	-38.25	11.625	-55.0625
758375964	GYR	-0.05864306	-0.19303341	0.02443461
758375974	ACC	-0.6991069	5.363012	8.628703
758375974	MAG	-38.4375	11.5	-55.0625
758375974	GYR	-0.059864793	-0.22113322	0.018325957
758375984	ACC	-0.63206923	5.353435	8.628703
758375984	MAG	-38.4375	11.25	-54.8125
758375984	GYR	-0.05497787	-0.23945917	0.0073303827
758375994	ACC	-0.61291564	5.3438582	8.599973
758375994	MAG	-38.4375	11.125	-55.375
758375994	GYR	-0.04520403	-0.2443461	-0.004886922
758376004	ACC	-0.6895301	5.3821654	8.619126
758376004	MAG	-38.8125	11.125	-55.1875
758376004	GYR	-0.02687807	-0.25289822	-0.014660765
758376014	ACC	-0.6512229	5.353435	8.523358
758376014	MAG	-38.8125	11.375	-55.1875
758376014	GYR	-0.0073303827	-0.26389378	-0.020769417
758376024	ACC	-0.5554548	5.3342814	8.513782
758376024	MAG	-38.9375	11.375	-55.0625
758376024	GYR	0.0	-0.26633725	-0.02443461
758376034	ACC	-0.59376204	5.2863975	8.504205
758376034	MAG	-38.9375	11.5	-54.9375
758376034	GYR	0.002443461	-0.27855456	-0.032986723
758376044	ACC	-0.5746084	5.2863975	8.485051
758376044	MAG	-39.125	11.25	-54.5625
758376044	GYR	0.008552114	-0.29810223	-0.042760566
758376054	ACC	-0.4405331	5.3725886	8.475474
758376054	MAG	-38.6875	10.8125	-54.375
758376054	GYR	0.018325957	-0.30665433	-0.04886922
758376064	ACC	-0.39264908	5.363012	8.494628
758376064	MAG	-38.8125	10.6875	-54.25
758376064	GYR	0.04886922	-0.25778514	-0.062308256
758376074	ACC	-0.39264908	5.315128	8.360553
758376074	MAG	-39.125	11.125	-54.25
758376074	GYR	0.061086524	-0.22357668	-0.072082095
758376084	ACC	-0.40222588	5.315128	8.2169
758376084	MAG	-39.375	10.9375	-54.5625
758376084	GYR	0.06719518	-0.18936822	-0.07819075
758376094	ACC	-0.40222588	5.391742	8.149862
758376094	MAG	-39.6875	11.25	-54.5625
758376094	GYR	0.06963864	-0.15515977	-0.07819075
758376104	ACC	-0.41180268	5.410896	8.1402855
758376104	MAG	-39.9375	11.5	-54.9375
758376104	GYR	0.06719518	-0.12583824	-0.073303826
758376114	ACC	-0.50757074	5.4204726	8.178593
758376114	MAG	-40.1875	11.5	-54.9375
758376114	GYR	0.059864793	-0.12217305	-0.064751714
758376124	ACC	-0.5554548	5.3821654	8.226477
758376124	MAG	-39.8125	11.5	-55.1875
758376124	GYR	0.04886922	-0.12461651	-0.04886922
758376134	ACC	-0.47884035	5.401319	8.255207
758376134	MAG	-39.6875	11.5	-55.0625
758376134	GYR	0.039095376	-0.11484266	-0.035430185
758376144	ACC	-0.45010993	5.4300494	8.360553
758376144	MAG	-39.8125	11.625	-55.1875
758376144	GYR	0.035430185	-0.10506882	-0.030543262
758376154	ACC	-0.33518824	5.4683566	8.350976
758376154	MAG	-39.9375	11.625	-54.9375
758376154	GYR	0.036651913	-0.080634214	-0.03176499
758376164	ACC	-0.33518824	5.4779334	8.331821
758376164	MAG	-39.9375	11.625	-55.0625
758376164	GYR	0.040317107	-0.043982297	-0.037873644
758376174	ACC	-0.38307226	5.4300494	8.379706
758376174	MAG	-40.375	11.5	-54.8125
758376174	GYR	0.04886922	-0.014660765	-0.047647487
758376184	ACC	-0.41180268	5.449203	8.24563
758376184	MAG	-40.625	11.625	-54.6875
758376184	GYR	0.056199603	0.002443461	-0.05131268
758376194	ACC	-0.49799395	5.4204726	8.226477
758376194	MAG	-40.5	11.25	-54.5625
758376194	GYR	0.05131268	0.0061086523	-0.04886922
758376204	ACC	-0.5267244	5.4204726	8.322245
758376204	MAG	-40.375	11.25	-54.9375
758376204	GYR	0.042760566	0.004886922	-0.043982297
758376214	ACC	-0.47884035	5.449203	8.341399
758376214	MAG	-40.375	11.125	-55.375
758376214	GYR	0.039095376	0.009773844	-0.032986723
758376224	ACC	-0.4405331	5.4683566	8.274361
758376224	MAG	-40.375	10.9375	-55.625
758376224	GYR	0.040317107	0.010995574	-0.02565634
758376234	ACC	-0.50757074	5.410896	8.236053
758376234	MAG	-40.375	11.125	-56.0
758376234	GYR	0.040317107	0.018325957	-0.019547688
758376244	ACC	-0.545878	5.410896	8.1402855
758376244	MAG	-40.375	11.125	-56.0
758376244	GYR	0.032986723	0.028099801	-0.015882496
758376254	ACC	-0.47884035	5.48751	8.293514
758376254	MAG	-40.375	11.5	-55.875
758376254	GYR	0.0061086523	0.034208454	-0.008552114
758376264	ACC	-0.50757074	5.4300494	8.350976
758376264	MAG	-40.1875	11.8125	-55.75
758376264	GYR	-0.002443461	0.020769417	-0.004886922
758376274	ACC	-0.4405331	5.4204726	8.24563
758376274	MAG	-40.0625	12.1875	-55.875
758376274	GYR	0.013439035	0.02321288	-0.0012217305
758376284	ACC	-0.45010993	5.391742	8.264784
758376284	MAG	-39.8125	11.625	-55.625
758376284	GYR	0.015882496	0.034208454	0.0012217305
758376294	ACC	-0.4405331	5.4300494	8.264784
758376294	MAG	-39.5	11.9375	-55.625
758376294	GYR	0.010995574	0.043982297	-0.0061086523
758376304	ACC	-0.45010993	5.4204726	8.1881695
758376304	MAG	-39.5	11.625	-55.5
758376304	GYR	0.0073303827	0.05742133	-0.0061086523
758376314	ACC	-0.47884035	5.401319	8.121132
758376314	MAG	-39.375	11.125	-55.1875
758376314	GYR	-0.004886922	0.062308256	-0.004886922
758376324	ACC	-0.49799395	5.410896	8.1402855
758376324	MAG	-39.5	10.8125	-55.1875
758376324	GYR	-0.02443461	0.061086524	-0.0036651914
758376334	ACC	-0.47884035	5.410896	8.2169
758376334	MAG	-39.8125	11.125	-55.0625
758376334	GYR	-0.041538835	0.059864793	0.0
758376344	ACC	-0.41180268	5.4300494	8.293514
758376344	MAG	-39.6875	10.6875	-54.8125
758376344	GYR	-0.04642576	0.07086037	0.0036651914
758376354	ACC	-0.36391866	5.4300494	8.350976
758376354	MAG	-39.8125	10.6875	-54.6875
758376354	GYR	-0.041538835	0.096516706	0.0012217305
758376364	ACC	-0.40222588	5.410896	8.408437
758376364	MAG	-39.8125	11.375	-54.6875
758376364	GYR	-0.03176499	0.12339478	-0.004886922
758376374	ACC	-0.4405331	5.439626	8.418014
758376374	MAG	-39.6875	11.375	-54.6875
758376374	GYR	-0.020769417	0.14049901	-0.009773844
758376384	ACC	-0.4309563	5.4779334	8.475474
758376384	MAG	-39.375	11.25	-54.6875
758376384	GYR	-0.009773844	0.1563815	-0.014660765
758376394	ACC	-0.49799395	5.4204726	8.504205
758376394	MAG	-39.375	11.375	-54.6875
758376394	GYR	0.004886922	0.17959438	-0.018325957
758376404	ACC	-0.47884035	5.315128	8.456321
758376404	MAG	-39.25	11.125	-54.6875
758376404	GYR	0.02565634	0.20769417	-0.019547688
758376414	ACC	-0.32561144	5.2959743	8.293514
758376414	MAG	-39.125	10.8125	-54.8125
758376414	GYR	0.05375614	0.2687807	-0.014660765
758376424	ACC	-0.22026655	5.2480903	8.082825
758376424	MAG	-38.9375	10.8125	-54.5625
758376424	GYR	0.095294975	0.3640757	-0.017104227
758376434	ACC	-0.31603462	5.2289367	8.504205
758376434	MAG	-38.8125	11.125	-54.6875
758376434	GYR	0.172264	0.47525316	-0.02687807
758376444	ACC	-1.13964	5.717354	7.8625584
758376444	MAG	-38.5625	11.25	-54.8125
758376444	GYR	0.31764993	0.58032197	-0.06352998
758376454	ACC	-1.8195933	5.7269306	8.101978
758376454	MAG	-38.125	11.375	-54.9375
758376454	GYR	0.22235495	0.3921755	-0.05375614
758376464	ACC	-1.388637	5.592855	8.015787
758376464	MAG	-38.25	11.375	-54.8125
758376464	GYR	0.064751714	0.12461651	-0.0036651914
758376474	ACC	-1.091756	5.813122	8.178593
758376474	MAG	-37.6875	11.25	-55.0625
758376474	GYR	-0.07819075	-0.039095376	0.021991149
758376484	ACC	-0.9672575	5.9184666	8.963891
758376484	MAG	-38.0	10.9375	-55.0625
758376484	GYR	-0.22235495	-0.21868975	0.02932153
758376494	ACC	-0.6895301	5.9567738	9.730036
758376494	MAG	-38.4375	10.8125	-55.0625
758376494	GYR	-0.3090978	-0.36896262	0.021991149
758376504	ACC	-0.50757074	5.841852	9.787497
758376504	MAG	-38.5625	11.125	-55.375
758376504	GYR	-0.2932153	-0.43493605	-0.0061086523
758376514	ACC	-0.46926352	5.583278	9.624691
